0 18 1.6470382049270742
0 9 11.29664052435978
0 1 5.701607023698567
0 10 32.27690968492822
1 60 6.7742372130512685
1 19 11.580308032024071
1 0 5.701607023698567
2 37 21.718230096112308
2 29 4.742618586046425
3 27 1.9507708980639098
3 4 6.87512846887537
4 37 13.156143052270231
4 3 6.87512846887537
4 26 8.372962685435624
5 11 7.9923807816269905
5 37 4.310311661954116
5 12 6.651183721291893
6 7 21.6102210374711
6 11 9.384207530410057
6 13 13.976540239500126
7 14 20.42147749362953
7 8 6.8850267835009324
7 6 21.610221037471092
8 16 8.772339833272303
8 9 7.517074054050665
8 7 6.8850267835009324
9 38 12.29987191422153
9 0 11.29664052435978
9 8 7.517074054050667
10 64 3.01506228487972
10 58 6.492570602900079
10 0 32.276909684928206
11 6 9.384207530410057
11 5 7.992380781626991
11 13 1.3335015095874674
12 5 6.651183721291893
13 6 13.976540239500128
13 11 1.3335015095874672
13 31 11.489325566501268
14 7 20.42147749362953
15 16 3.3529336072879214
16 15 3.3529336072879214
16 17 3.4523791373597876
16 8 8.772339833272301
17 16 3.4523791373597876
18 0 1.6470382049270738
19 20 3.378361315887958
19 1 11.58030803202407
19 32 1.223745134090265
20 19 3.378361315887957
20 21 6.966544991334697
20 22 9.110496435349894
21 20 6.966544991334697
22 23 10.730033326364774
22 40 24.721919230252762
22 20 9.110496435349893
23 30 35.13498307473673
23 22 10.730033326364774
23 25 26.78109207931943
24 40 1.0584252178027491
25 23 26.781092079319432
26 4 8.372962685435624
27 35 6.244116879650292
27 3 1.9507708980639098
27 36 4.692094787860874
28 35 2.258612085446403
29 2 4.742618586046425
30 23 35.13498307473673
31 13 11.48932556650127
32 61 7.770105189204135
32 33 30.28358656366028
32 19 1.223745134090265
33 32 30.28358656366028
34 35 5.63693573421868
35 28 2.258612085446403
35 27 6.244116879650292
35 34 5.63693573421868
36 27 4.692094787860874
37 5 4.310311661954116
37 4 13.156143052270231
37 2 21.7182300961123
38 9 12.29987191422153
39 40 0.9202466167109057
40 39 0.9202466167109057
40 24 1.0584252178027491
40 22 24.721919230252762
41 58 1.6463993515954136
41 42 4.090952278093486
41 56 3.527676526793685
42 41 4.090952278093486
42 50 3.9319017332382065
42 51 5.183260873100086
43 44 1.3702161652206406
44 43 1.3702161652206406
44 46 12.045405130328604
44 53 5.6135734758499325
45 51 1.2470414645588839
45 50 9.622819035833786
45 46 4.402513541068095
46 48 12.035021956353713
46 45 4.402513541068095
46 44 12.045405130328604
47 48 7.333744506352552
48 46 12.035021956353715
48 47 7.333744506352553
48 49 6.504828966980296
49 50 1.3583848425267957
49 48 6.504828966980296
49 63 2.4607922787928316
50 49 1.3583848425267957
50 45 9.622819035833784
50 42 3.9319017332382065
51 45 1.2470414645588839
51 42 5.183260873100086
51 52 7.314850381449088
52 51 7.314850381449088
52 53 7.378111878593821
52 62 8.216642913936262
53 44 5.6135734758499325
53 52 7.378111878593821
53 59 7.973845151227563
54 56 1.5694950582535654
55 56 2.124188168198172
56 54 1.5694950582535654
56 55 2.124188168198172
56 41 3.527676526793685
57 58 6.880093886789454
58 41 1.6463993515954136
58 10 6.492570602900079
58 57 6.880093886789454
59 53 7.973845151227563
60 1 6.774237213051268
61 32 7.770105189204133
62 52 8.21664291393626
63 49 2.4607922787928316
64 10 3.01506228487972
64 65 16.786546619177347
65 64 16.786546619177347
