0 27 3.600935002451456
0 2 50.21107899020064
1 0 4.452557947871869
1 27 1.1631096887180408
2 0 50.211078990200626
2 4 1.9536226680313773
2 3 1.8857682754926999
3 4 1.9141765947522171
3 6 0.9510687317963578
3 2 1.8857682754926999
4 3 1.9141765947522167
4 5 11.624190442929121
4 2 1.9536226680313773
5 4 11.624190442929123
6 18 5.243731443808357
6 7 11.993978595632536
6 3 0.9510687317963578
7 8 0.48786632091988114
7 12 9.283772294837192
7 6 11.993978595632536
8 7 0.48786632091988114
8 13 7.573773020762075
8 9 5.290970077350375
9 14 0.4543544527693815
9 26 3.203395280841445
9 8 5.290970077350375
10 17 1.241162515740505
10 14 0.7749141916831159
10 11 10.90576152091057
11 19 31.109879538045583
11 10 10.905761520910572
12 7 9.283772294837192
13 14 0.43548235563935955
13 8 7.573773020762077
13 15 7.691656943207993
14 13 0.43548235563935955
14 10 0.7749141916831159
14 9 0.4543544527693815
15 13 7.691656943207991
16 17 0.4209691353797306
17 16 0.4209691353797306
17 10 1.241162515740505
17 25 4.045697608899551
18 6 5.2437314438083575
19 22 3.0994770546723145
19 20 33.81712362201262
19 11 31.109879538045583
20 21 3.4512888025840285
20 19 33.81712362201262
20 23 36.197786829299865
21 20 3.4512888025840285
22 19 3.0994770546723145
23 20 36.19778682929987
24 39 1.3855963507480267
24 28 0.936961841785778
25 17 4.045697608899551
26 9 3.203395280841445
27 24 1.0509595312613542
28 30 1.6068995797849144
29 33 1.3672975938610445
30 1 2.5026303933415632
31 35 0.8061661806002043
31 37 0.9102303176104006
32 33 1.0191823764413892
32 29 1.2905566758665412
33 34 0.7505793887889513
34 31 0.5093347869156172
35 36 2.584065876118668
36 38 17.33416845954956
36 32 1.409726875504222
37 39 19.47137252658266
37 35 0.9528583019527728
39 28 1.2654355912358668
39 37 19.47137252658266
40 38 35.51256511102296
40 34 18.35224934501465
