1 11 1.4977152648649321
1 167 3.2876087038013324
2 167 27.23653182669284
2 164 5.370100950200995
2 166 48.274518156071224
3 24 5.75934954120256
3 32 30.95330539183959
3 17 65.69893719643805
4 151 91.45380397080245
4 8 20.292149454826816
4 79 40.945902985452925
5 31 7.484393071040668
5 166 37.83972854854652
5 70 12.298752720048494
6 205 1.333819765853605
6 156 8.751336610058795
6 79 7.220330586577696
7 160 32.25109848694226
7 88 40.90099657520553
7 8 15.556725447977371
8 149 9.108545387270317
8 4 20.292149454826816
8 7 15.556725447977371
9 199 0.1944009616991414
9 59 5.077671408318874
9 22 8.823851230936544
10 16 1.3283277309038848
10 17 1.627625968398278
11 12 1.0100175283611927
12 13 1.669233512234253
12 175 10.74101449164924
13 14 0.9952167043403424
14 15 1.7907695888287016
15 10 0.49259996920315285
16 1 0.42873282212478847
17 16 1.4874774393591002
17 3 65.69893719643807
18 48 5.705376545904911
18 223 8.406027444886753
18 22 4.052303156748419
19 21 2.2428413492800994
19 73 5.953530750974066
19 156 1.5168604127807293
20 75 4.498162322032905
20 198 1.0230285991277674
20 205 9.98071561376056
21 19 2.2428413492800994
21 86 2.079736368077134
21 77 2.897482733291463
22 30 9.472316776366222
22 9 8.823851230936544
22 18 4.052303156748419
23 47 5.20003681116179
23 43 12.712821647924052
23 90 15.570148729373555
24 25 1.9312605701786763
24 3 5.75934954120256
24 200 3.9264260385763423
25 30 18.158957119359062
25 24 1.9312605701786763
25 28 2.122510674515319
26 201 7.0471667381911836
27 28 2.195359312043351
28 201 2.2713203853184045
28 25 2.122510674515319
28 27 2.195359312043351
29 30 7.698860780070141
30 29 7.698860780070141
30 22 9.47231677636622
30 25 18.158957119359066
31 5 7.484393071040668
32 239 2.031036118710914
32 3 30.953305391839592
32 37 11.412701328248758
33 34 2.5572034031422755
34 33 2.557203403142275
34 239 3.8969881418526082
34 35 4.108133145517432
35 34 4.108133145517432
36 204 0.5703334594281245
36 203 0.5793392288231798
36 37 3.183723131352731
37 36 3.183723131352731
37 223 5.7206270294210855
37 32 11.412701328248758
38 39 1.1950658215634766
38 40 0.9418328985310389
38 42 1.9832798647903276
39 38 1.1950658215634766
40 38 0.9418328985310389
40 54 1.8692771942995965
40 41 1.2962545368627263
41 40 1.2962545368627263
42 38 1.9832798647903276
43 44 2.737580135863007
43 23 12.712821647924052
43 223 6.190288161049212
44 43 2.737580135863007
45 172 0.7147925152042329
46 91 3.8600737789247526
47 231 1.7069091904070808
47 91 3.488514503406483
47 23 5.20003681116179
48 18 5.705376545904911
49 69 6.700362296123757
50 70 1.9746502801348564
51 59 4.180826902093826
51 61 1.3565701811007242
51 53 5.5307615098380785
52 63 6.7135567191887935
53 54 3.92704601602208
53 51 5.530761509838079
53 172 4.820737287754715
54 40 1.8692771942995965
54 53 3.92704601602208
54 168 2.4376592416522773
55 168 0.5944056705962987
56 57 0.5412049142286298
56 58 5.946106977801499
56 63 4.204119103647249
57 99 8.311451908094808
57 56 0.5412049142286298
57 65 3.86523017496397
58 56 5.946106977801499
59 51 4.180826902093826
59 60 5.290732806470504
59 9 5.077671408318874
60 63 1.2896464480457395
60 64 3.56377451013269
60 59 5.290732806470504
61 51 1.3565701811007242
62 236 0.392259133860222
62 235 0.40630233844539254
62 64 2.7812674908840327
63 60 1.2896464480457395
63 52 6.7135567191887935
63 56 4.204119103647249
64 234 0.47541588720770295
64 60 3.56377451013269
64 62 2.7812674908840327
65 66 3.125156257466008
65 57 3.86523017496397
65 100 5.41915636109348
66 65 3.125156257466008
67 124 10.848052121763594
67 106 7.287067504001245
67 68 1.9539056871427039
68 67 1.9539056871427039
69 49 6.700362296123755
69 70 4.8624296202387844
69 199 6.594752767719768
70 50 1.9746502801348564
70 5 12.298752720048492
70 69 4.8624296202387844
71 180 3.753120007893613
71 75 3.5395194690334297
71 78 4.421776174525681
72 216 0.7421305581519025
73 74 3.116005426795117
73 19 5.953530750974066
73 214 2.790188351462581
74 73 3.116005426795117
75 214 1.8924633267785174
75 20 4.498162322032905
75 71 3.53951946903343
76 78 6.0916509996039
76 77 1.9911634580432125
76 134 7.576167453654589
77 78 4.982078157324217
77 21 2.897482733291463
77 76 1.9911634580432125
78 77 4.982078157324217
78 71 4.421776174525681
78 76 6.0916509996039
79 80 2.4992941755435525
79 4 40.945902985452925
79 6 7.220330586577696
80 85 2.6602588619794343
80 81 2.1503951413485938
80 79 2.4992941755435525
81 80 2.1503951413485938
82 84 3.592924139704087
82 85 0.4302351928316231
82 83 5.02446850466446
83 82 5.02446850466446
84 82 3.592924139704087
85 82 0.4302351928316231
85 80 2.6602588619794343
85 196 1.6574702154110517
86 88 2.3411731358675323
86 87 2.709009581517013
86 21 2.079736368077134
87 194 0.6509597223076535
87 193 0.5857847804159003
87 86 2.7090095815170128
88 86 2.3411731358675323
88 195 5.034749485542493
88 7 40.90099657520554
89 221 0.6852617739715552
90 95 7.773929822659957
90 23 15.570148729373557
91 92 2.2818000419764815
91 47 3.488514503406483
91 46 3.8600737789247517
92 99 2.4299365930402965
92 91 2.2818000419764815
92 93 2.90328388779309
93 169 4.265062157025471
93 94 3.9696086432287907
93 92 2.9032838877930907
94 221 6.188365031190292
94 95 3.1267482079265974
94 93 3.9696086432287903
95 96 0.5200250543969455
95 90 7.773929822659957
95 94 3.1267482079265974
96 98 2.104540388152742
96 95 0.5200250543969455
96 102 5.721674995892716
97 233 0.3696111252882304
98 96 2.104540388152742
98 113 6.504455196561355
98 233 4.241374083704873
99 57 8.311451908094808
99 92 2.4299365930402965
99 101 5.599202759786815
100 65 5.41915636109348
101 110 1.759169290757874
101 99 5.599202759786815
101 105 3.60058597549122
102 103 1.1486853077521462
102 230 0.3950881939210734
102 96 5.721674995892716
103 102 1.1486853077521462
104 110 4.581834297239134
105 106 2.735224573878021
105 101 3.60058597549122
105 133 8.467422095657192
106 107 3.1259758312909014
106 67 7.287067504001245
106 105 2.735224573878021
107 108 3.1340783150460396
107 106 3.1259758312909014
107 125 5.309710276762946
108 216 2.0704150080812767
108 107 3.1340783150460396
108 218 3.979135812278213
109 119 4.010294679671598
109 130 4.253420018574582
109 111 7.346956174080606
110 111 1.6644484366596823
110 101 1.759169290757874
110 104 4.581834297239135
111 110 1.6644484366596823
111 112 3.4482354213947777
111 109 7.346956174080606
112 111 3.4482354213947777
113 116 1.8863072851873677
113 222 0.9968838528286363
113 98 6.504455196561355
114 116 0.5688438103669928
114 115 2.5345263730660084
114 120 3.0361789763627516
115 114 2.5345263730660084
116 114 0.5688438103669928
116 113 1.8863072851873677
116 117 1.8599876536191748
117 116 1.8599876536191748
118 121 2.5865194889994516
119 179 3.055108029037577
119 109 4.010294679671599
119 189 6.826129320900852
120 121 2.5393205315234786
120 213 3.9315107806236584
120 114 3.0361789763627516
121 122 0.8927862605535557
121 120 2.5393205315234786
121 118 2.5865194889994516
122 242 1.125562558577987
122 121 0.8927862605535557
122 241 0.5449719428424618
123 242 0.45982922048133323
124 135 4.884218329036975
124 67 10.848052121763594
124 126 2.607265768578049
125 128 2.3095995512501317
125 126 2.3063032727462836
125 107 5.309710276762946
126 124 2.607265768578049
126 125 2.3063032727462836
126 185 2.8449516446921885
127 218 0.533459218301652
128 125 2.3095995512501317
128 178 0.4725547058986089
128 190 0.4747440817409625
129 185 0.6205946525655635
130 144 3.646475181174196
130 131 4.528005905991632
130 109 4.253420018574582
131 159 1.5204940500701516
131 135 3.706292791617308
131 130 4.528005905991632
132 159 0.9964192937176231
132 142 3.0690195291656113
132 181 3.2305786272566586
133 188 0.32945316158416404
133 177 0.37210699967200106
133 105 8.467422095657193
134 135 1.5948103110533083
134 136 8.414726565649106
134 76 7.57616745365459
135 134 1.5948103110533083
135 124 4.884218329036975
135 131 3.706292791617308
136 138 4.876535697226513
136 137 2.7316209926498964
136 134 8.414726565649106
137 224 1.0920825785701738
137 136 2.7316209926498964
137 226 4.022664274186478
138 136 4.876535697226513
138 139 1.6926008778752537
138 229 4.052182333295326
139 140 2.324295468466623
139 138 1.6926008778752537
139 141 5.3568838461080555
140 139 2.324295468466623
141 187 0.3873301458550352
141 183 0.34128097978598587
141 139 5.3568838461080555
142 132 3.0690195291656113
143 229 0.5091282803956584
144 130 3.646475181174196
145 179 0.7477140784019346
146 189 0.3716686626366684
147 226 0.9938166192445086
148 224 0.5627617771356022
149 8 9.108545387270317
150 160 136.29509268209918
151 152 0.7767075355647873
151 4 91.4538039708024
152 153 0.806642280695669
152 151 0.7767075355647873
152 192 1.1708271802422439
153 152 0.806642280695669
153 154 3.348468251313591
153 191 3.9126938089029664
154 153 3.348468251313591
155 159 3.1060864858463293
156 6 8.751336610058795
156 19 1.5168604127807293
156 237 3.8857084762915868
157 198 2.229289505664959
157 199 4.585601255036192
157 158 4.986218541113633
158 157 4.986218541113633
159 132 0.9964192937176231
159 155 3.1060864858463293
159 131 1.5204940500701516
160 150 136.29509268209918
160 7 32.25109848694226
160 211 25.429233629085065
161 162 4.142686045266238
161 166 2.5902213155829505
161 163 3.104437690927086
162 163 1.8965818306455529
162 161 4.142686045266238
163 161 3.104437690927086
163 162 1.896581830645553
164 165 5.910550384723939
164 2 5.370100950200995
165 164 5.910550384723939
166 161 2.5902213155829505
166 2 48.274518156071224
166 5 37.83972854854652
167 11 2.7442399577728134
167 2 27.236531826692833
168 55 0.5944056705962987
168 170 0.7158222802866692
168 54 2.4376592416522778
169 93 4.265062157025472
169 169 2.00634681947791
170 168 0.7158222802866692
171 172 0.7393841459433118
172 45 0.7147925152042329
172 171 0.7393841459433118
172 53 4.8207372877547146
173 0 22.848073157891594
174 176 0.28115876923956307
175 173 0.14236275889711325
176 13 10.66540813399193
176 175 3.2621438905047118
177 133 0.37210699967200106
178 128 0.4725547058986089
179 145 0.7477140784019346
179 186 0.7319175317624542
179 119 3.055108029037577
180 71 3.753120007893613
181 132 3.2305786272566586
182 185 0.559468376689683
183 141 0.34128097978598587
184 189 0.3094381378508486
185 129 0.6205946525655635
185 182 0.559468376689683
185 126 2.844951644692188
186 179 0.7319175317624542
187 141 0.3873301458550352
188 133 0.32945316158416404
189 146 0.3716686626366684
189 184 0.3094381378508486
189 119 6.826129320900852
190 128 0.4747440817409625
191 153 3.9126938089029664
192 152 1.1708271802422439
193 87 0.5857847804159003
194 87 0.6509597223076535
195 88 5.034749485542493
196 85 1.6574702154110519
197 198 3.7376066924138844
198 20 1.0230285991277674
198 157 2.229289505664959
198 197 3.7376066924138835
199 9 0.1944009616991414
199 157 4.585601255036193
199 69 6.594752767719769
200 24 3.926426038576342
201 28 2.2713203853184045
201 26 7.047166738191184
201 202 3.3712374788436534
202 201 3.3712374788436534
203 36 0.5793392288231798
204 36 0.5703334594281245
205 6 1.333819765853605
205 206 1.4951694636001016
205 20 9.98071561376056
206 205 1.4951694636001016
207 208 1.6182879079949435
207 209 1.8718382915679954
208 207 1.6182879079949435
209 210 2.429646703093409
209 207 1.8718382915679956
209 211 6.976941919370235
210 209 2.429646703093409
211 212 8.094488735794261
211 209 6.976941919370235
211 160 25.429233629085065
212 211 8.094488735794261
213 120 3.9315107806236584
214 75 1.8924633267785174
214 73 2.790188351462581
214 215 1.8088972575302744
215 214 1.8088972575302744
216 72 0.7421305581519025
216 108 2.0704150080812767
216 217 0.6565286927836725
217 216 0.6565286927836725
218 127 0.533459218301652
218 108 3.979135812278213
218 219 0.594050116639013
219 218 0.594050116639013
220 221 0.5686859959973088
221 89 0.6852617739715552
221 220 0.5686859959973088
221 94 6.188365031190292
222 113 0.9968838528286363
223 18 8.406027444886753
223 37 5.720627029421084
223 43 6.190288161049212
224 148 0.5627617771356022
224 137 1.0920825785701738
224 225 0.5705642844538247
225 224 0.5705642844538247
226 137 4.022664274186478
226 227 0.5937006608075878
226 147 0.9938166192445086
227 226 0.5937006608075878
228 229 0.6263719447315628
229 143 0.5091282803956584
229 228 0.6263719447315628
229 138 4.052182333295326
230 102 0.3950881939210734
231 47 1.7069091904070808
232 233 0.46104156312353994
233 97 0.3696111252882304
233 232 0.46104156312353994
233 98 4.241374083704873
234 64 0.47541588720770295
235 62 0.40630233844539254
236 62 0.392259133860222
237 156 3.8857084762915868
238 239 1.300390849925047
239 32 2.031036118710914
239 34 3.8969881418526073
239 238 1.300390849925047
240 242 0.6068192721065999
241 122 0.5449719428424618
242 123 0.45982922048133323
242 122 1.125562558577987
242 240 0.6068192721065999
