0 165 1.7570186798845342
0 162 7.568831983402402
0 1 10.117460432169317
1 0 10.117460432169317
1 2 7.50703195936258
1 218 16.520202095458107
2 3 3.004011830822849
2 1 7.50703195936258
2 120 3.1324115330286557
3 159 0.8753498478579513
3 200 24.88673474263739
3 2 3.004011830822849
4 211 4.298847781777154
4 204 3.0280690680429005
4 155 124.23590901925441
5 8 3.089190255692542
5 220 18.791915853480365
5 9 3.4454014480173494
6 16 5.7474372228593715
6 9 10.603043734830147
6 17 2.711524172045036
7 202 16.7566666228904
7 125 8.712280515974346
7 198 8.811228247692668
8 5 3.0891902556925417
8 9 2.9112887656176727
8 61 22.214373543947055
9 6 10.603043734830145
9 33 8.584282842834945
9 8 2.911288765617673
9 5 3.4454014480173494
10 74 5.08143757207587
10 47 4.367198843283603
10 208 8.146810217184536
11 105 3.7203627343457075
11 98 5.604113142999726
11 327 4.181992437532653
12 111 3.679742969441303
12 105 9.687260711942765
12 110 7.987524626978138
13 96 3.4687838938902162
13 100 8.952499956692447
13 175 5.935948046473444
14 100 1.073505279729895
14 171 3.8641728200901273
14 15 6.867348503829415
15 99 2.752611863904749
15 101 4.3103247496731445
15 14 6.867348503829415
16 6 5.7474372228593715
17 32 15.628440304937639
17 6 2.711524172045036
17 205 8.162886415326387
18 227 5.926306774634663
18 206 6.191018055800638
18 277 5.104463691541102
19 224 0.7178747996024891
19 267 0.8330490306743248
20 147 27.945061624137097
20 215 107.51029072363903
20 21 7.340664435006138
21 174 4.224743038955806
21 268 0.4318286430929644
21 20 7.340664435006138
22 145 15.694814563401208
22 23 9.63946485568104
22 150 6.627974906660387
23 27 5.449102217874398
23 22 9.63946485568104
23 287 12.372252176001064
24 287 0.5171002824850625
24 27 14.057826334590924
24 177 2.393075879931819
25 177 3.1794063897391673
25 221 11.267554131674942
25 26 6.703874659690398
26 28 5.380654311585635
26 154 142.53078987957633
26 25 6.703874659690398
27 23 5.449102217874398
27 84 0.713960188056606
27 24 14.057826334590924
28 29 10.297021655001709
28 26 5.380654311585635
29 158 2.073711913515739
29 28 10.297021655001707
30 294 2.443164322913182
30 161 6.193175239753669
30 188 8.032319977405752
31 294 0.8075327775709797
32 17 15.62844030493764
32 34 12.98997222062989
32 33 4.049034320157073
33 149 4.180526020148602
33 9 8.584282842834943
33 32 4.049034320157073
34 32 12.989972220629891
34 35 2.5760691910096023
34 38 21.432057097176916
35 34 2.5760691910096023
35 304 2.3900744986488895
35 220 2.4348786359337997
36 160 0.6580847070584035
37 39 6.513170794228208
38 39 6.13807332939009
38 34 21.432057097176916
38 41 2.9515906138643073
39 40 2.0881098641596085
39 37 6.513170794228208
39 38 6.138073329390091
40 39 2.0881098641596085
41 160 6.599945128750547
41 38 2.9515906138643073
41 43 6.58638794763536
42 304 0.5810371872278539
42 55 7.434035072939413
42 71 5.6326584441352905
43 44 16.04763181317385
43 45 3.3746960181700376
43 41 6.58638794763536
44 43 16.047631813173854
44 71 14.423758701266717
44 58 7.768769709650003
45 43 3.3746960181700376
45 46 4.8318027777262795
45 50 3.8597157104176865
46 45 4.8318027777262795
46 47 8.32050926172716
46 48 3.139020966771164
47 46 8.32050926172716
47 10 4.367198843283603
47 112 15.497750434121889
48 49 4.518267545819883
48 53 4.0955731051947595
48 46 3.139020966771164
49 48 4.518267545819883
50 52 4.572492391431168
50 51 3.7918264569456914
50 45 3.8597157104176865
51 50 3.7918264569456914
52 50 4.572492391431168
52 331 3.9335121819289403
52 269 1.7919041658469832
53 48 4.0955731051947595
54 256 0.7289926424427882
55 42 7.4340350729394125
55 56 7.469314188272706
55 256 5.294351574358084
56 55 7.469314188272706
56 57 11.235304011529726
56 59 8.616053649149606
57 56 11.235304011529726
57 58 7.022570125425669
57 91 4.669010029902051
58 57 7.022570125425668
58 44 7.768769709650003
58 159 6.7622904126173005
59 330 2.0426918556971874
59 60 4.888773245011839
59 56 8.616053649149606
60 59 4.888773245011839
61 62 5.175532850515929
61 198 11.326974467276747
61 8 22.214373543947058
62 61 5.175532850515929
62 63 5.211771093948422
62 68 4.717645432237596
63 66 2.994896389313786
63 64 5.83794641487618
63 62 5.211771093948422
64 65 0.38342074299373774
64 309 0.44851428018193207
64 63 5.83794641487618
65 64 0.38342074299373774
66 63 2.994896389313786
66 67 0.454309015737033
66 308 0.3902723772229044
67 66 0.454309015737033
68 69 0.8795367595310766
68 70 1.5028083399834722
68 62 4.717645432237596
69 68 0.8795367595310766
70 68 1.5028083399834722
71 72 4.773086735818347
71 42 5.6326584441352905
71 44 14.423758701266715
72 312 0.3939916230048232
72 313 0.2805232873520264
72 71 4.773086735818346
73 319 3.2475398763486
73 208 3.209832844848393
73 78 5.2539014541911495
74 75 2.586291839773181
74 10 5.08143757207587
74 119 8.267940541789214
75 76 2.004335524042596
75 74 2.586291839773181
75 117 4.96110454193753
76 217 2.7351161273384825
76 75 2.004335524042596
76 118 4.41129336237097
77 275 0.7860404712215011
78 80 3.752276435021288
78 79 1.5701439318758406
78 73 5.253901454191151
79 78 1.5701439318758406
80 78 3.752276435021288
80 320 0.4640548785757829
80 321 0.3697962949173445
81 212 4.386023467356674
81 127 10.811308924106685
81 99 13.925709214729874
82 83 14.936472237589117
82 212 9.759200104012434
82 131 13.924124224296593
83 153 3.564569138808975
83 207 1.712867951699678
83 82 14.936472237589117
84 27 0.713960188056606
84 291 10.361227177232093
84 146 23.28916168187454
85 291 7.043334404610697
85 259 3.890031910224799
85 90 20.450513879009648
86 87 1.6957946988925905
86 133 3.6518488076652695
86 128 15.212367964761235
87 86 1.6957946988925905
87 131 3.644783762091543
87 144 9.757525212106689
88 134 4.339506569310659
88 132 6.1941863160873885
88 133 2.53603169185058
89 129 1.8914858356945319
89 122 2.6192595621787373
89 132 7.187173905242597
90 176 1.047264772327485
90 85 20.45051387900965
90 122 4.731607744791478
91 93 1.4553412193080113
91 92 1.1947161913753794
91 57 4.669010029902051
92 91 1.1947161913753794
93 91 1.4553412193080113
94 95 20.647330361883757
94 329 117.59577354438427
94 157 11.313630163016887
95 94 20.647330361883757
96 103 8.539424579854124
96 13 3.468783893890216
96 97 2.8250614980264617
97 98 1.4936930028054503
97 102 8.823155938374544
97 96 2.8250614980264617
98 97 1.4936930028054503
98 104 3.197685658219003
98 11 5.6041131429997275
99 15 2.752611863904749
99 81 13.925709214729874
99 101 8.174601138360291
99 218 8.008735042940339
100 103 2.4425710617525915
100 14 1.073505279729895
100 13 8.952499956692447
101 104 5.857877394592757
101 102 1.3547986718977054
101 15 4.3103247496731445
101 99 8.174601138360291
102 101 1.3547986718977054
102 97 8.823155938374544
102 103 2.4749750162979747
103 100 2.4425710617525915
103 96 8.539424579854124
103 102 2.4749750162979747
104 101 5.857877394592757
104 98 3.197685658219003
104 108 1.8373099167307902
105 11 3.7203627343457075
105 12 9.687260711942765
105 106 4.928427328966132
106 109 2.555344175733924
106 105 4.928427328966132
106 107 7.664987686364804
107 106 7.664987686364804
108 104 1.8373099167307902
109 106 2.555344175733924
110 12 7.987524626978138
111 12 3.679742969441303
111 112 3.7118592059948763
111 115 7.474195014921529
112 111 3.711859205994876
112 47 15.49775043412189
112 113 6.580214421900891
113 114 3.155541068307268
113 116 2.214607525836878
113 112 6.580214421900891
114 113 3.155541068307268
115 111 7.47419501492153
116 113 2.214607525836878
117 75 4.96110454193753
118 76 4.41129336237097
119 74 8.267940541789214
120 263 0.3226176018635472
120 208 5.361237317656751
121 195 3.1191190723027162
121 193 1.497660346030066
121 205 4.217120935922729
122 129 2.0285685638668096
122 90 4.731607744791478
122 89 2.6192595621787373
123 255 0.889200717214412
124 125 2.7152607055342344
124 255 3.9995115059614097
124 126 4.738517715364702
125 124 2.7152607055342344
125 7 8.712280515974346
126 253 1.6991571163647414
126 124 4.7385177153647025
126 325 4.791263322929885
127 146 4.977176808586858
127 81 10.811308924106687
127 141 5.836091184239788
128 137 3.659507183113388
128 136 2.3375660972604586
128 86 15.212367964761235
129 122 2.0285685638668096
129 89 1.8914858356945319
129 130 4.185617723699188
130 129 4.185617723699188
131 87 3.644783762091543
131 82 13.924124224296593
131 132 15.184814998650445
132 89 7.187173905242597
132 88 6.194186316087389
132 131 15.184814998650445
133 86 3.6518488076652695
133 88 2.53603169185058
133 135 6.885675965976352
134 88 4.339506569310659
135 133 6.885675965976352
136 128 2.3375660972604586
137 128 3.659507183113388
138 212 4.744697647975702
139 302 0.35958318515634
139 303 0.2810142107890681
139 140 4.031827093580327
140 141 1.5967239131312232
140 139 4.031827093580327
140 142 5.629674905942616
141 140 1.5967239131312232
141 127 5.836091184239788
141 143 11.285487046326022
142 140 5.629674905942616
143 141 11.285487046326022
144 87 9.757525212106689
145 163 12.998096010375056
145 22 15.694814563401204
145 146 5.13021472449472
146 84 23.28916168187454
146 127 4.977176808586858
146 145 5.130214724494721
147 20 27.945061624137097
147 267 12.69161724677099
147 148 129.87121656099046
148 147 129.87121656099046
149 33 4.180526020148602
150 22 6.627974906660387
151 152 6.526163946702347
151 153 2.7039198652867578
151 223 2.7112911289840778
152 151 6.526163946702347
152 152 5.326996444747666
153 223 3.27697677835465
153 83 3.564569138808975
153 151 2.7039198652867578
154 26 142.53078987957628
155 156 3.838305761386054
155 4 124.2359090192544
156 155 3.838305761386054
157 94 11.313630163016887
158 29 2.073711913515739
159 3 0.8753498478579513
159 58 6.7622904126173005
159 263 1.9235695557508967
160 314 0.29038661271326216
160 36 0.6580847070584035
160 41 6.599945128750546
161 30 6.193175239753669
161 235 8.315414091545012
161 162 5.874585507835792
162 161 5.874585507835792
162 168 6.0285087222702005
162 0 7.568831983402402
163 171 6.509490068453397
163 145 12.99809601037506
163 184 5.098824017679246
164 165 2.24524793088911
165 214 0.9142276237068749
165 0 1.7570186798845342
165 164 2.24524793088911
166 167 1.832002093522164
167 166 1.832002093522164
167 333 0.6886715586329661
167 168 2.521531632769911
167 169 2.635564363769513
168 167 2.521531632769911
168 207 6.7356626501530155
168 162 6.0285087222702005
169 167 2.635564363769513
170 289 6.845173571532911
170 207 4.4833695366716695
171 14 3.8641728200901264
171 163 6.509490068453398
171 172 13.149237052139197
172 171 13.149237052139197
173 174 7.179263446747481
174 173 7.179263446747481
174 175 4.887417609504045
174 21 4.224743038955806
175 271 10.813845565465785
175 13 5.935948046473446
175 174 4.887417609504045
176 90 1.047264772327485
176 211 2.5400584033639104
176 261 4.067084127024578
177 25 3.1794063897391673
177 181 11.365482637089004
177 24 2.393075879931819
178 181 2.1686621277895304
179 180 4.05784759153825
180 213 1.2569486855591367
180 179 4.05784759153825
180 181 10.023417823330085
181 178 2.1686621277895304
181 177 11.365482637089004
181 180 10.023417823330083
182 222 1.87023261498368
182 210 1.6058430924603861
182 187 4.4327164645815404
183 222 0.6515060535939413
184 185 4.25448659194295
184 163 5.098824017679246
184 187 5.321968774736206
185 184 4.254486591942951
186 209 4.000924103895211
187 184 5.321968774736206
187 182 4.4327164645815404
187 209 3.0528427377293066
188 30 8.032319977405752
189 191 1.1992653938069398
189 238 1.8349105449381695
189 288 1.2594189888659828
190 238 1.2974135000065046
191 189 1.1992653938069398
192 299 0.8871150789004254
193 299 4.304688464970682
193 121 1.497660346030066
193 226 1.9279749468927727
194 195 0.7697138424666425
195 121 3.1191190723027162
195 194 0.7697138424666425
195 301 2.3083096853831444
196 301 0.4123931472013817
197 306 1.4912226718752384
198 306 5.133529879823034
198 7 8.81122824769267
198 61 11.326974467276747
199 200 3.7552250546606065
199 310 0.3643380624170103
199 311 0.3898184894519337
200 199 3.7552250546606065
200 3 24.886734742637387
200 202 7.091732957756705
201 202 4.131780656501325
202 201 4.131780656501325
202 200 7.091732957756705
202 7 16.7566666228904
203 204 8.544793260751607
203 223 9.64497346949436
204 4 3.0280690680429005
204 203 8.544793260751607
205 121 4.217120935922729
205 17 8.162886415326387
205 206 2.744001593686944
206 257 8.247357308935507
206 205 2.744001593686944
206 18 6.191018055800638
207 83 1.712867951699678
207 168 6.7356626501530155
207 170 4.4833695366716695
208 73 3.209832844848393
208 10 8.146810217184536
208 120 5.361237317656749
209 186 4.000924103895211
209 187 3.0528427377293066
209 216 5.453168321341257
210 182 1.6058430924603861
211 176 2.5400584033639104
211 4 4.298847781777154
211 295 10.351155954780825
212 81 4.386023467356674
212 138 4.744697647975702
212 82 9.759200104012434
213 180 1.2569486855591367
214 165 0.9142276237068749
215 20 107.51029072363903
216 209 5.453168321341257
217 219 2.32220560718903
217 275 3.913352563150311
217 76 2.7351161273384825
218 265 2.0818509864129044
218 1 16.520202095458107
218 99 8.008735042940339
219 217 2.32220560718903
220 5 18.79191585348037
220 304 2.3034158402273195
220 35 2.4348786359337997
221 329 0.7716560843189876
221 25 11.267554131674942
221 322 5.210940896440971
222 183 0.6515060535939413
222 182 1.87023261498368
222 272 2.931135210409607
223 153 3.27697677835465
223 203 9.64497346949436
223 151 2.7112911289840778
224 19 0.7178747996024891
224 267 1.1197092900606116
224 277 40.678624356256236
225 227 0.6180637527906733
226 193 1.927974946892773
227 225 0.6180637527906733
227 228 0.8058336042426016
227 18 5.926306774634663
228 227 0.8058336042426016
229 230 1.2397465512907737
230 232 1.4652424240128639
230 246 5.939271778677294
230 229 1.2397465512907737
231 233 0.9993944622830835
232 230 1.4652424240128639
233 231 0.9993944622830835
233 235 4.886335302272216
233 238 7.663270786301915
234 248 4.0955417165580315
234 235 6.07176694067578
234 246 4.788275254632281
235 234 6.07176694067578
235 161 8.315414091545014
235 233 4.886335302272216
236 239 2.327730285303941
236 237 2.5525776328472656
236 250 3.1492875383924974
237 236 2.5525776328472656
238 190 1.2974135000065046
238 189 1.8349105449381695
238 233 7.663270786301916
239 240 1.154197182034089
239 241 1.3636224975207738
239 236 2.327730285303941
240 239 1.154197182034089
241 239 1.3636224975207738
242 245 2.236522737616613
243 244 1.94548817805227
244 247 2.397554096586654
244 243 1.94548817805227
244 245 2.4666144714028904
245 242 2.2365227376166126
245 244 2.4666144714028904
245 246 2.2485285720997026
246 230 5.939271778677294
246 234 4.788275254632281
246 245 2.2485285720997026
247 244 2.397554096586654
248 234 4.0955417165580315
248 250 3.0333789413480243
248 273 3.6877260190576724
249 251 3.496646659993544
250 251 0.9850420786866267
250 236 3.149287538392497
250 248 3.0333789413480243
251 252 0.8805981666635117
251 250 0.9850420786866267
251 249 3.496646659993544
252 251 0.8805981666635117
253 126 1.6991571163647414
254 255 0.7164677858448729
255 123 0.889200717214412
255 254 0.7164677858448729
255 124 3.9995115059614093
256 54 0.7289926424427882
256 307 0.4124001664393278
256 55 5.294351574358084
257 206 8.247357308935507
258 259 1.2016589292769624
259 85 3.890031910224799
259 258 1.2016589292769624
259 260 1.0044182574689509
260 259 1.0044182574689509
261 176 4.067084127024578
262 316 0.502684015688737
263 120 0.3226176018635472
263 159 1.9235695557508967
263 316 3.3786226851623153
264 265 0.4178001338413459
265 218 2.0818509864129044
265 264 0.4178001338413459
265 266 3.161297826872401
266 265 3.161297826872401
267 19 0.8330490306743248
267 224 1.1197092900606116
267 147 12.691617246770987
268 21 0.4318286430929644
269 52 1.7919041658469832
270 287 7.121963972633554
271 175 10.813845565465787
272 222 2.931135210409607
273 290 1.2797727770648475
273 274 2.0394815315910955
273 248 3.6877260190576724
274 273 2.0394815315910955
275 276 5.045617668597526
275 77 0.7860404712215011
275 217 3.913352563150311
276 275 5.045617668597526
277 278 2.8324249663038494
277 18 5.104463691541102
277 224 40.678624356256215
278 277 2.8324249663038494
278 279 5.035427836077233
278 286 6.682172445896013
279 280 6.815614566871854
279 278 5.035427836077233
279 283 3.5372948493115746
280 282 2.1115424000118623
280 281 0.8866223513924316
280 279 6.815614566871855
281 280 0.8866223513924316
282 280 2.1115424000118623
283 297 5.911571853453859
283 279 3.537294849311575
283 285 4.877536562165704
284 297 1.1765617698300805
285 283 4.877536562165704
286 278 6.682172445896015
287 24 0.5171002824850625
287 23 12.37225217600106
287 270 7.121963972633555
288 189 1.2594189888659828
289 170 6.845173571532909
289 334 3.065464653689747
290 273 1.2797727770648475
291 84 10.361227177232093
291 85 7.043334404610697
291 292 5.547783258095022
292 291 5.547783258095022
293 294 2.9884938096524825
294 31 0.8075327775709797
294 30 2.443164322913182
294 293 2.9884938096524825
295 211 10.351155954780824
296 297 0.44914252977001057
297 284 1.1765617698300805
297 296 0.44914252977001057
297 283 5.911571853453859
298 299 0.51087764516132
299 192 0.8871150789004254
299 298 0.51087764516132
299 193 4.304688464970681
300 301 0.34155040762471933
301 196 0.4123931472013817
301 300 0.34155040762471933
301 195 2.3083096853831444
302 139 0.35958318515634
303 139 0.2810142107890681
304 42 0.5810371872278539
304 220 2.30341584022732
304 35 2.3900744986488895
305 306 0.41440591033109725
306 197 1.4912226718752384
306 305 0.41440591033109725
306 198 5.133529879823036
307 256 0.4124001664393278
308 66 0.3902723772229044
309 64 0.44851428018193207
310 199 0.3643380624170103
311 199 0.3898184894519337
312 72 0.3939916230048232
313 72 0.2805232873520264
314 160 0.29038661271326216
315 316 0.36066246678086045
316 262 0.502684015688737
316 315 0.36066246678086045
316 263 3.378622685162315
317 319 0.3356753480835233
318 319 0.3994842346335606
319 317 0.3356753480835233
319 318 0.3994842346335606
319 73 3.2475398763486
320 80 0.4640548785757829
321 80 0.3697962949173445
322 221 5.210940896440971
323 325 3.5153168901935072
324 325 1.6353380617408526
325 324 1.6353380617408526
325 126 4.791263322929885
325 323 3.5153168901935072
326 329 5.8785585517603405
327 328 6.05931821791785
327 332 2.046869955758348
327 11 4.181992437532653
328 327 6.05931821791785
329 221 0.7716560843189876
329 326 5.8785585517603405
329 94 117.59577354438427
330 59 2.0426918556971874
331 52 3.9335121819289403
332 327 2.046869955758348
333 167 0.6886715586329661
334 289 3.065464653689747
