0 292 1.071347604352002
1 0 57.19336141150787
2 1 28.467308598582097
2 388 14.698250887516078
3 307 1.5880838291293797
3 306 2.2685564447183157
4 293 1.1001304959777514
4 58 1.5925927579092887
5 3 5.106411666166218
5 308 2.0509319643736195
6 7 0.8148406055531565
6 51 1.361874723079221
7 5 0.4256385107730895
8 6 0.6869371804578243
9 8 1.0860578469584325
9 49 1.3592110955763126
10 384 2.248131757504272
11 23 0.8979980625828915
11 20 2.9697079047240846
11 59 3.2312473864596916
12 391 0.7310965504301842
12 28 3.603035566254452
12 13 2.49451573405479
13 21 2.2094012591572953
13 12 2.4945157340547905
13 16 17.220039133717247
14 15 4.0122899689800775
15 14 4.0122899689800775
15 17 9.183781014101093
15 16 6.690663198755902
16 15 6.690663198755902
16 30 2.1692374685262803
16 13 17.22003913371725
17 15 9.183781014101092
18 19 4.716443440834684
18 384 2.3017998944883846
18 20 1.2880550166423972
19 18 4.716443440834684
20 11 2.9697079047240846
20 18 1.2880550166423972
20 21 8.487100431898359
21 13 2.2094012591572953
21 20 8.487100431898359
21 22 6.976446758293188
22 21 6.976446758293189
22 45 7.099704602739097
22 396 5.069731237002909
23 11 0.8979980625828915
24 31 1.4496320655059396
24 25 1.7009978396235355
24 41 5.995713491378529
25 31 1.6954776346447684
25 29 5.466185996940889
25 24 1.7009978396235355
26 27 2.8323618423971255
27 26 2.8323618423971255
27 28 3.5725039782859924
27 33 5.714128505332493
28 32 1.5074123306537865
28 27 3.572503978285992
28 12 3.603035566254452
29 30 2.5438079970782645
29 25 5.466185996940889
29 38 7.651241345523675
30 36 7.037856434464678
30 29 2.5438079970782645
30 16 2.1692374685262803
31 247 13.43645584362493
31 25 1.6954776346447689
31 24 1.4496320655059396
32 34 1.2055852114346723
32 692 2.1709796247329534
32 28 1.5074123306537863
33 27 5.714128505332493
34 32 1.2055852114346723
35 38 2.2555690220436757
35 40 2.7468884587337765
35 48 2.849054804839788
36 398 3.2273023239088614
36 44 1.4665665192431916
36 30 7.037856434464678
37 312 1.848181497411494
38 35 2.2555690220436757
38 55 7.00268253509088
38 29 7.651241345523675
39 45 6.372626705650792
39 48 1.1880108836402918
40 312 0.22252246986985105
40 35 2.7468884587337765
40 397 0.3700291304099868
41 43 5.060602570708057
41 24 5.995713491378528
41 54 3.284429117449941
42 392 1.104019000059348
42 393 0.2066701463385116
42 378 0.9257705674282477
42 45 2.453255111874978
43 41 5.060602570708058
43 340 4.765129809498256
43 366 0.8929133349948537
44 36 1.4665665192431916
45 42 2.453255111874978
45 22 7.099704602739093
45 39 6.372626705650792
46 47 3.6502815832928923
46 39 1.0703533141835704
47 50 7.116379156211442
47 58 7.030417520978504
47 46 3.6502815832928923
48 35 2.8490548048397883
48 46 2.2822655125711866
49 8 1.367019407124028
49 50 9.92008230988038
50 47 7.116379156211444
50 49 9.920082309880378
50 53 6.5609223764353795
51 7 1.1671395909391258
51 244 16.742110894192326
52 53 3.8850011352524816
52 92 5.672275699728617
52 55 8.690993719193942
53 52 3.8850011352524816
53 57 13.986616738565516
53 50 6.560922376435381
54 56 2.555318170033934
54 55 6.595785148758158
54 41 3.2844291174499407
55 54 6.595785148758157
55 38 7.00268253509088
55 52 8.690993719193944
56 63 6.952223080522345
56 54 2.555318170033934
56 60 16.17103656177541
57 276 1.9393325626501519
57 53 13.986616738565516
57 414 5.215896027523122
58 47 7.030417520978504
58 293 1.5955881075632445
59 11 3.2312473864596916
60 56 16.17103656177541
60 247 2.0655284461054904
60 256 7.718287730939168
61 479 8.478982476285628
61 623 9.921923545880047
61 264 9.873734986028198
62 271 2.2920820764425778
62 423 6.856395750694118
62 270 3.721272646661662
63 64 2.9557078794707303
63 56 6.952223080522346
63 93 6.25792803455772
64 65 2.69862855475873
64 63 2.9557078794707303
64 94 2.605158603317242
65 66 3.015575580028616
65 64 2.69862855475873
65 360 10.028420252041274
66 99 5.022418984399122
66 65 3.015575580028616
66 67 5.322604104221524
67 68 2.375625201167132
67 66 5.322604104221523
67 100 2.252236596973568
68 294 3.564549463803636
68 67 2.375625201167132
68 100 1.9183578510927028
69 294 9.317708134858899
69 70 1.9317080611325004
69 102 3.8097177506957567
70 89 7.137068930268699
70 69 1.9317080611325004
70 71 3.7130976219855976
71 117 3.9632989673991634
71 72 2.3670972367868837
71 70 3.7130976219855976
72 130 6.618289160534102
72 73 1.7494142674981696
72 71 2.3670972367868837
73 127 3.90354246228728
73 74 1.4023704622193731
73 72 1.7494142674981696
74 133 4.613821190203512
74 260 6.900445360964919
74 73 1.4023704622193731
75 134 3.9291646358570196
75 76 3.9028671659964917
75 260 7.188158712304621
76 138 4.8021491575982145
76 77 3.509665630082658
76 75 3.9028671659964917
77 140 4.101380664886684
77 78 10.518130658344296
77 76 3.509665630082658
78 422 2.5629570645597473
78 419 4.422047916124732
78 79 3.0380809833688116
78 77 10.518130658344294
79 420 0.635080457367446
79 143 4.497674596108201
79 78 3.0380809833688116
80 81 4.513842966870026
80 420 3.805374709812006
80 143 8.459900183529777
81 658 2.0900366311788847
81 82 1.7512355775888793
81 80 4.513842966870025
82 147 3.918589846990154
82 83 2.2126987437997045
82 81 1.7512355775888788
83 658 8.753481173987272
83 84 12.04298530371555
83 82 2.2126987437997045
84 148 5.473489594606787
84 85 4.339990197149684
84 83 12.042985303715554
85 86 2.0719479181848244
85 84 4.3399901971496835
85 145 4.415378757731468
86 87 3.7321948035193993
86 85 2.071947918184825
86 369 4.238317861136683
87 159 2.3365887248815858
87 163 1.505109510685728
87 86 3.7321948035193993
88 89 4.174654345886227
88 163 4.319438908725233
88 155 9.133175270083104
89 90 3.470330208899652
89 70 7.137068930268699
89 88 4.1746543458862275
90 89 3.470330208899652
90 91 2.5181197987679607
90 157 4.974832017388069
91 90 2.5181197987679607
91 92 2.702314361663203
91 106 2.5330126692722623
92 91 2.702314361663203
92 52 5.672275699728617
92 309 5.888293480138571
93 63 6.257928034557718
93 327 0.44628371824667645
93 326 0.6361466175167815
94 95 2.4554456530961706
94 64 2.605158603317242
94 691 3.6331589900786114
95 97 9.678225214324607
95 96 2.8689155163136477
95 94 2.4554456530961706
96 313 0.4906454418143637
96 322 0.6079986398240641
96 95 2.8689155163136477
97 95 9.678225214324605
98 99 6.583360160986827
99 323 1.9845962771640746
99 66 5.022418984399122
99 98 6.583360160986827
100 101 1.1233624226062444
100 68 1.9183578510927028
100 67 2.252236596973568
101 328 1.0172748573389963
101 329 0.9790154802806941
101 100 1.1233624226062444
102 103 6.687381290246126
102 69 3.809717750695756
102 323 4.377533235400658
103 109 0.7450389912405947
103 104 1.7581546269319528
103 102 6.687381290246125
104 103 1.7581546269319528
105 106 0.6034122629337351
106 107 1.7179127921109971
106 91 2.5330126692722614
106 105 0.6034122629337351
107 106 1.7179127921109971
108 325 1.3319085760665235
109 103 0.7450389912405947
110 111 0.4285097054279388
110 394 0.7758633809108241
110 119 8.171288701347574
111 110 0.4285097054279388
111 238 9.457377553688074
111 294 4.689747867021264
112 113 2.083307003034709
113 320 0.43242552047575333
113 112 2.0833070030347094
113 114 5.107561170474817
114 115 1.757053332007072
114 123 3.4923179190961346
114 113 5.107561170474817
115 114 1.757053332007072
115 116 3.0029232891382693
115 317 2.9174932653012946
116 319 1.9827144173792854
116 115 3.002923289138269
116 117 2.9944977958812395
117 71 3.9632989673991634
117 116 2.9944977958812395
117 365 2.2526131965342637
118 319 0.5060761524852931
119 120 2.023388885964196
119 239 2.816480684142917
119 110 8.171288701347576
120 121 0.9511809574809972
120 232 2.1774332074465352
120 119 2.0233888859641955
121 120 0.9511809574809972
122 123 4.929295710367729
122 372 0.748367003030337
122 380 3.240909673827277
123 122 4.929295710367729
123 114 3.4923179190961346
123 296 4.46288142275258
124 125 3.411053146552626
124 128 2.3911717916715993
124 317 5.561926756780129
125 261 1.201099285265032
125 124 3.4110531465526255
125 262 4.181784483286176
126 233 1.53672764596476
126 261 3.308635316578588
126 339 0.9699321112531443
127 73 3.90354246228728
128 129 2.342765572888729
128 296 4.862545209173716
128 124 2.3911717916715993
129 128 2.342765572888729
130 374 0.6370596256353345
130 131 0.9218445490659446
130 72 6.618289160534101
131 130 0.9218445490659446
132 133 2.6492314451732613
133 368 0.6683711061594755
133 132 2.6492314451732613
133 74 4.613821190203512
134 136 3.3349064658585625
134 75 3.929164635857019
134 135 2.0120747980020566
135 134 2.0120747980020566
136 137 0.7990643399791076
136 316 0.48323848565690936
136 134 3.334906465858563
137 136 0.7990643399791076
138 338 0.9170475247968086
138 139 3.226716448440981
138 76 4.8021491575982145
139 138 3.2267164484409805
140 77 4.101380664886684
141 422 1.1362800512011288
142 422 1.0447245194434642
143 80 8.459900183529777
143 144 6.1187792968278
143 79 4.4976745961082
144 382 5.334862213241372
144 376 2.4439389068534907
144 143 6.1187792968278
145 234 1.587911873672145
145 85 4.415378757731468
145 375 3.0812978881116693
146 382 3.5188709559874165
147 82 3.918589846990154
148 84 5.473489594606787
148 149 3.670095305671033
148 150 2.919494069489065
149 148 3.670095305671033
150 152 4.696626199775234
150 148 2.919494069489065
150 151 3.1552417196140516
151 150 3.155241719614052
152 371 0.7987149574662133
152 150 4.696626199775235
152 153 1.7665143110828434
153 155 9.24586618121742
153 154 7.017067883596618
153 152 1.7665143110828434
154 235 1.533619104999815
154 153 7.017067883596617
154 163 3.2786986280602193
155 156 7.08213284129757
155 88 9.133175270083106
155 153 9.24586618121742
156 157 2.4812185818192485
156 155 7.08213284129757
156 321 4.106023554626779
157 90 4.974832017388068
157 156 2.481218581819248
157 314 3.03607055831714
158 314 0.4378134966354103
159 87 2.3365887248815858
159 160 1.8167591403748462
159 370 0.9223486408268775
160 159 1.8167591403748464
160 161 1.9808430563086004
160 162 1.6050391880675106
161 160 1.9808430563086004
162 160 1.6050391880675106
163 154 3.2786986280602193
163 88 4.319438908725234
163 87 1.505109510685728
164 165 0.8163226232684744
165 167 1.1702413338849205
166 164 1.2392677640534953
166 651 27.05534882253269
167 168 2.121509842438023
168 169 2.0647928760372354
168 167 2.121509842438023
169 170 1.9723690859058964
169 168 2.060629376425328
170 169 1.9723690859058964
170 171 1.9692755507772899
170 219 10.845777701477047
171 170 1.9692755507772899
171 172 1.961297695569307
171 201 3.546022650503213
172 171 1.961297695569307
172 173 4.561583459674106
172 216 5.647601014740069
173 172 4.561583459674106
173 229 8.932492517587486
173 174 2.503088151959549
174 207 9.36246155306644
174 173 2.503088151959549
174 179 7.962462763551484
175 179 4.269718710969844
175 176 1.960290216537224
175 355 10.278295322043594
176 175 1.960290216537224
176 177 2.16708355699224
176 181 6.557399690094936
177 176 2.16708355699224
177 178 3.571965159510744
177 400 0.8138394371697242
178 177 3.571965159510745
178 409 8.445350898704902
178 180 4.7418344503520515
179 174 7.9624627635514855
179 175 4.269718710969843
179 185 6.364015320142853
180 408 2.699641098929027
180 399 2.990033234439643
180 178 4.741834450352051
181 182 6.0478327225648565
181 176 6.557399690094935
181 341 5.448979870750231
182 183 5.545673733718317
182 181 6.0478327225648565
182 210 5.974292235748442
183 185 2.773787722699684
183 182 5.545673733718316
183 184 2.9066023602995346
184 214 0.6613370723098762
184 185 2.8512059377195555
184 183 2.9066023602995346
185 183 2.7737877226996845
185 184 2.8512059377195555
185 179 6.364015320142854
186 346 0.6786877236651804
186 214 2.874195964307511
186 401 1.0602313839418012
187 190 1.1644439667250726
187 188 4.085203427005199
187 346 4.892836667030135
188 187 4.085203427005199
189 193 3.8092841745442816
189 346 3.91691072716074
189 196 5.884089610999836
190 187 1.1644439667250726
191 345 0.6995924927623731
191 347 1.2998585903093154
191 192 4.870459204370439
192 194 14.183612911851517
192 193 2.5573527828905944
192 191 4.870459204370439
193 192 2.557352782890594
193 189 3.8092841745442825
193 195 5.362506755164574
194 192 14.183612911851519
195 193 5.362506755164574
196 196 18.09183260647586
196 189 5.884089610999836
197 352 0.7463059144113474
197 402 0.7072851645626563
197 198 4.307603672787943
198 199 9.231280793634205
198 206 2.267853610452155
198 197 4.307603672787943
199 198 9.231280793634204
200 201 14.565093610916566
201 202 7.15105332531555
201 171 3.546022650503213
201 200 14.56509361091657
202 203 0.6515013918165201
202 201 7.15105332531555
202 351 0.5372156573602391
203 202 0.6515013918165201
204 353 0.771836082851696
204 206 2.906256115545363
204 205 2.2402104287012303
205 204 2.24021042870123
206 198 2.267853610452155
206 207 3.731081128621542
206 204 2.9062561155453634
207 206 3.731081128621542
207 174 9.36246155306644
207 209 3.5195851499613213
208 209 1.2018217967126175
209 354 0.834097889942157
209 207 3.5195851499613213
209 208 1.2018217967126175
210 182 5.974292235748442
210 211 3.7566652711915887
210 344 1.498279119337396
211 212 1.142590777896299
211 210 3.7566652711915887
211 213 4.714837122965994
212 211 1.142590777896299
213 343 0.6985776003874474
213 211 4.714837122965994
213 342 1.5152300046276361
214 184 0.6613370723098762
214 186 2.874195964307511
214 215 1.9720002900517029
215 214 1.9720002900517024
216 217 1.7613660886333349
216 172 5.6476010147400695
216 218 3.8931161598051855
217 216 1.7613660886333349
218 216 3.8931161598051855
219 407 3.0471699851483254
219 221 8.104773694465901
219 170 10.845777701477045
220 407 0.40972209243542934
221 225 3.7342830927210957
221 224 2.684581002028856
221 219 8.104773694465901
221 222 1.9632116163839586
222 223 1.235127680736192
222 236 1.142321692308848
222 221 1.9632116163839586
223 222 1.235127680736192
224 221 2.684581002028856
225 237 0.48010636069335616
225 221 3.7342830927210957
225 228 2.3651583702688375
226 404 0.44083749738691347
227 229 4.742044127100826
227 237 2.5969440318067925
227 350 0.6944367650634574
228 231 2.02792505947273
228 373 1.5203343077518008
228 225 2.3651583702688375
229 227 4.742044127100826
229 348 1.5538604890896084
229 173 8.932492517587487
230 348 0.827280179611727
231 228 2.02792505947273
232 120 2.1774332074465352
233 126 1.5367276459647596
234 145 1.587911873672145
235 154 1.533619104999815
236 222 1.142321692308848
237 225 0.48010636069335616
237 227 2.5969440318067925
237 404 2.6955456765804144
238 111 9.457377553688074
239 119 2.8164806841429173
240 243 3.3434339925219763
241 243 0.4531085677542697
242 244 0.44104348062032744
243 241 0.4531085677542697
243 244 2.4617519698765955
243 240 3.3434339925219754
244 242 0.44104348062032744
244 243 2.4617519698765955
244 51 16.742110894192322
245 246 0.7459673771402526
245 713 22.302157008059034
245 529 4.124171235459993
246 245 0.7459673771402526
247 248 4.712710784798651
247 31 13.43645584362493
247 60 2.065528446105491
248 696 1.9138193210219023
248 247 4.712710784798651
248 280 3.1862323342632313
249 282 2.114102054842173
249 297 8.156023392659812
249 330 2.931472382809523
250 336 3.6983319635798413
250 251 2.8587147897780265
250 257 2.3229646423576904
251 302 5.1589427347994725
251 258 2.019246475436807
251 250 2.8587147897780265
252 253 1.5720339910555192
252 258 1.5716253731995276
252 464 5.297161902613619
253 252 1.5720339910555192
253 285 5.323763627826178
253 254 3.9358786821461997
254 423 1.9197626340373706
254 265 6.7561479004401805
254 253 3.9358786821461997
255 280 1.6190535057494075
256 266 2.585790622359592
256 60 7.718287730939166
256 267 6.278915460450659
257 330 1.4463108974509529
257 259 5.477575084658325
257 250 2.3229646423576904
258 252 1.5716253731995276
258 259 5.517962661849306
258 251 2.019246475436807
259 258 5.517962661849306
259 257 5.477575084658324
259 285 4.811143696109876
260 261 5.099914578135389
260 75 7.18815871230462
260 74 6.900445360964919
261 125 1.201099285265032
261 126 3.308635316578588
261 260 5.099914578135389
262 469 16.2035863848369
262 470 16.746976882348655
262 125 4.181784483286176
263 423 3.186946374928741
263 264 4.980085635199868
263 463 5.337651466131427
264 444 3.9782839741218683
264 263 4.980085635199868
264 61 9.873734986028198
265 254 6.7561479004401805
266 271 4.817044012417088
266 256 2.585790622359592
266 295 5.771116019781044
267 427 4.7116296792012005
267 256 6.278915460450659
267 290 4.946011873092066
268 274 2.4364596637192597
268 269 4.342528280826685
268 696 4.358158672689611
269 273 3.464302980635605
269 272 2.8634114989522557
269 283 1.844510597947996
269 268 4.342528280826685
270 275 4.8605364960022825
270 525 2.8837677176995347
270 62 3.721272646661662
271 62 2.2920820764425778
271 266 4.817044012417087
271 288 3.784822152474403
272 269 2.8634114989522557
273 269 3.464302980635605
274 268 2.4364596637192597
275 288 1.484643494467391
275 270 4.8605364960022825
275 287 5.640285102964072
276 409 2.129042220245467
276 57 1.9393325626501519
276 277 1.9930806302795907
277 278 0.8972489968394687
277 279 0.49255326318730625
277 276 1.9930806302795907
278 277 0.8972489968394687
279 277 0.49255326318730625
280 255 1.6190535057494075
280 248 3.1862323342632313
280 281 1.8836259026934825
281 280 1.8836259026934825
282 249 2.114102054842173
282 696 1.8203563048328726
282 286 3.869898148900769
283 269 1.844510597947996
284 311 2.5627414093636007
285 301 2.921372898146502
285 253 5.323763627826178
285 259 4.811143696109876
286 332 1.8868394689460852
286 282 3.869898148900769
286 499 0.6388476845854123
287 289 3.092081039659015
287 275 5.640285102964072
287 541 3.8487316660399946
288 275 1.484643494467391
288 271 3.784822152474403
288 289 9.479260322200034
289 287 3.092081039659015
289 433 0.8224398359217019
289 288 9.479260322200034
290 430 2.2252081453436707
290 267 4.946011873092066
290 425 2.664447283076618
291 430 3.959854889805667
293 9 0.5258320517761351
294 68 3.564549463803636
294 111 4.689747867021264
294 69 9.317708134858899
295 497 1.9832595483743625
295 266 5.771116019781044
295 500 6.423426686793382
296 128 4.862545209173716
296 123 4.462881422752578
296 417 1.6504202652626452
297 298 1.5556388380796389
297 249 8.156023392659812
297 335 3.0458700984064633
298 297 1.5556388380796389
298 300 1.1342463405350443
298 501 1.8865666703342387
298 299 3.838107481733453
299 298 3.838107481733453
300 298 1.1342463405350443
301 333 4.194730843258719
301 285 2.921372898146502
302 563 1.3296520693280254
302 304 1.5051750205755288
302 251 5.158942734799472
303 305 5.474105169287343
304 305 3.3146557167758823
304 302 1.5051750205755288
304 331 2.9175055910843706
305 487 5.291917736624305
305 304 3.3146557167758823
305 303 5.474105169287343
306 307 1.987557914595406
306 528 3.4186715255615607
307 385 2.241974639483222
308 4 1.5042131876300469
309 92 5.888293480138571
310 311 0.8340108318988873
311 310 0.8340108318988873
311 284 2.562741409363601
311 384 3.7814879992513424
312 40 0.22252246986985105
312 395 0.9726607365877143
312 37 1.8481814974114945
313 96 0.4906454418143637
314 158 0.4378134966354103
314 315 0.6254141133395027
314 157 3.0360705583171397
315 314 0.6254141133395027
316 136 0.48323848565690936
317 364 0.7010998824642188
317 124 5.561926756780127
317 115 2.9174932653012946
318 382 0.6044439628366189
318 377 0.9533731121013748
318 383 1.492585260493928
319 367 0.8636866360563208
319 118 0.5060761524852931
319 116 1.9827144173792857
320 113 0.43242552047575333
321 156 4.10602355462678
322 96 0.6079986398240641
323 325 4.7447827756596865
323 102 4.377533235400658
323 99 1.9845962771640744
324 325 1.170092515379801
325 108 1.3319085760665235
325 323 4.7447827756596865
325 324 1.1700925153798012
326 93 0.6361466175167815
327 93 0.44628371824667645
328 101 1.0172748573389963
329 101 0.9790154802806941
330 257 1.4463108974509529
330 249 2.931472382809523
330 336 10.921903608058917
331 698 0.30901541078094785
331 304 2.91750559108437
331 697 1.1177121456306154
332 286 1.8868394689460852
333 499 0.3435593654034968
333 301 4.194730843258719
334 337 1.747582358987564
334 336 16.08952809497115
334 495 4.651084084693648
335 297 3.0458700984064633
335 337 0.9612498001483843
335 490 3.291444776118528
336 334 16.089528094971147
336 250 3.6983319635798413
336 330 10.921903608058917
337 334 1.747582358987564
337 335 0.9612498001483843
337 489 3.3951430342339246
338 138 0.9170475247968086
339 126 0.9699321112531443
340 43 4.765129809498256
341 181 5.448979870750231
342 213 1.5152300046276361
343 213 0.6985776003874474
344 210 1.498279119337396
345 191 0.6995924927623731
346 186 0.6786877236651804
346 189 3.916910727160741
346 187 4.892836667030135
347 191 1.2998585903093154
348 230 0.827280179611727
348 349 0.7600197650194623
348 229 1.5538604890896084
349 348 0.7600197650194623
350 227 0.6944367650634574
351 202 0.5372156573602391
352 197 0.7463059144113474
353 204 0.771836082851696
354 209 0.834097889942157
355 175 10.278295322043592
356 357 3.6214291920473047
356 486 4.4735029282127305
356 485 3.78695735220102
357 356 3.6214291920473047
357 363 2.239401075663849
357 358 4.853657177166582
358 357 4.853657177166582
358 484 0.617760349029144
358 483 0.5411225116795894
359 363 2.3885563177952314
360 362 1.874685656856548
360 363 3.607908846533903
360 65 10.028420252041274
361 362 2.15015618223255
362 360 1.874685656856548
362 361 2.15015618223255
362 503 5.688525598975662
363 357 2.239401075663849
363 359 2.3885563177952314
363 360 3.6079088465339026
364 317 0.7010998824642188
365 117 2.2526131965342637
366 43 0.8929133349948537
367 319 0.8636866360563208
368 133 0.6683711061594755
369 86 4.238317861136683
370 159 0.9223486408268776
371 152 0.7987149574662133
372 122 0.748367003030337
373 228 1.5203343077518008
374 130 0.6370596256353345
375 145 3.0812978881116693
376 144 2.4439389068534907
377 318 0.9533731121013748
378 42 0.9257705674282477
379 380 0.3040148449607306
380 381 0.16400152311831745
380 379 0.3040148449607306
380 122 3.240909673827277
381 380 0.16400152311831745
382 318 0.6044439628366189
382 146 3.5188709559874174
382 144 5.334862213241371
383 318 1.492585260493928
384 10 2.2481317575042725
384 311 3.7814879992513424
384 18 2.3017998944883846
385 387 0.7175248300163183
386 389 1.2301086640781258
387 386 0.7230890822127103
387 1 13.66339095927571
388 390 0.4016867815387208
389 388 0.7317684148843184
390 308 9.405833742757087
390 385 1.3159652185397208
391 12 0.7310965504301842
392 42 1.104019000059348
393 42 0.2066701463385116
394 110 0.7758633809108241
395 312 0.9726607365877143
396 22 5.069731237002909
397 40 0.3700291304099868
398 36 3.2273023239088614
399 180 2.990033234439644
400 177 0.8138394371697242
401 186 1.0602313839418012
402 197 0.7072851645626563
403 404 1.6361922884367428
404 226 0.44083749738691347
404 237 2.6955456765804144
404 403 1.6361922884367428
404 406 1.2487295521851205
405 407 0.866967803709785
406 404 1.2487295521851205
407 220 0.40972209243542934
407 405 0.866967803709785
407 219 3.0471699851483263
408 180 2.699641098929027
409 178 8.445350898704904
409 276 2.129042220245467
409 411 7.348462212052911
410 411 0.6696715526168903
411 410 0.6696715526168903
411 412 1.0232868182467547
411 409 7.348462212052911
412 411 1.0232868182467547
413 414 0.5784435483963694
414 415 0.6553308926803543
414 413 0.5784435483963694
414 57 5.215896027523122
415 414 0.6553308926803543
416 417 2.0065192028886414
416 620 2.141604400130246
416 621 1.177206845205547
417 418 0.5082323705814525
417 416 2.0065192028886414
417 296 1.6504202652626452
418 417 0.5082323705814525
419 78 4.422047916124732
420 79 0.635080457367446
420 80 3.805374709812006
420 421 2.544532945457941
421 420 2.544532945457941
422 141 1.1362800512011288
422 78 2.5629570645597473
422 142 1.0447245194434642
423 254 1.9197626340373706
423 62 6.856395750694118
423 263 3.186946374928742
424 728 27.048495462567544
425 426 1.9189279058450224
425 290 2.664447283076618
425 627 1.5852662655288348
426 425 1.9189279058450224
427 428 0.7150851526426164
427 429 0.7002835417155109
427 267 4.7116296792012
428 427 0.7150851526426164
429 427 0.7002835417155109
430 291 3.9598548898056665
430 290 2.2252081453436707
430 431 5.266714236009125
431 430 5.266714236009125
431 433 2.5143851511143085
431 434 7.764948306125873
432 433 4.7897346047076175
432 541 10.008656735108934
432 628 4.811275229368644
433 289 0.8224398359217019
433 431 2.5143851511143085
433 432 4.7897346047076175
434 431 7.764948306125872
435 565 5.9110469930755265
435 542 6.808531495071444
435 437 3.5714780022869044
435 440 4.933851318095815
436 480 1.6764076958920395
436 441 5.050677410286919
436 536 7.455934348030767
437 439 0.9262852729018869
437 438 1.2798398593790028
437 435 3.571478002286905
438 437 1.2798398593790028
439 437 0.9262852729018869
440 540 2.5199502728231025
440 435 4.933851318095815
440 613 2.812442349192987
441 560 10.077516710027707
441 436 5.050677410286919
441 504 6.168796444223468
442 482 3.410785137325536
442 504 8.43549820202134
442 472 2.381631746338965
443 472 1.8742624006339226
444 458 1.1822040348049638
444 264 3.9782839741218683
444 445 5.600112836528321
445 546 2.0436863470361124
445 446 2.606682874711263
445 444 5.600112836528321
446 445 2.606682874711263
447 544 0.6895222456082272
447 460 4.436354634890522
447 454 3.721094669563543
448 455 3.6884256308590904
448 449 3.043506378560733
448 544 3.3071008029532796
449 451 1.6819126921739542
449 450 3.3146155729352147
449 448 3.043506378560733
450 449 3.3146155729352147
451 449 1.6819126921739542
452 460 1.5623612505207638
452 458 2.823582559302178
452 547 5.986340590530255
453 547 1.8423159131310713
454 447 3.721094669563543
455 476 1.7103069744731334
455 448 3.6884256308590904
455 456 4.163860606913914
456 455 4.163860606913914
457 458 3.4501258372995403
458 444 1.1822040348049638
458 452 2.823582559302178
458 457 3.4501258372995403
459 704 0.19738063094339584
459 477 2.087974748337705
459 693 1.8089510679933938
460 452 1.5623612505207638
460 447 4.436354634890522
460 704 4.567040497119195
461 462 2.202582515681047
462 705 0.8021944565281856
462 461 2.202582515681047
462 463 3.018829615946145
463 462 3.018829615946145
463 704 3.360629958841881
463 263 5.337651466131427
464 467 0.9121500910174128
464 252 5.2971619026136185
464 465 3.1184897653513883
465 466 4.690254752885145
465 502 3.4348945820635075
465 464 3.1184897653513888
466 465 4.690254752885145
467 508 1.9949132742168723
467 464 0.9121500910174128
467 468 3.5610314564821297
468 467 3.5610314564821297
469 262 16.2035863848369
470 262 16.746976882348655
471 509 1.1779828881664087
471 514 5.146382481968087
471 492 2.9551844990207696
472 443 1.8742624006339226
472 442 2.381631746338965
472 473 4.72361441521696
473 472 4.72361441521696
474 552 0.8821743393476784
475 547 3.00641423599827
476 455 1.7103069744731334
477 459 2.087974748337705
478 615 2.2730126654374843
478 540 3.833372164305156
478 479 9.530616754019945
479 61 8.478982476285628
479 525 5.070670824695051
479 478 9.530616754019945
480 436 1.6764076958920395
480 481 6.236314609673676
480 558 3.7146188729006884
481 480 6.236314609673676
481 543 2.3589449744167994
481 557 4.31288991074095
482 442 3.410785137325536
482 566 6.890986739455474
482 554 3.0631138790383194
483 358 0.5411225116795894
484 358 0.617760349029144
485 356 3.78695735220102
486 356 4.4735029282127305
487 519 1.4062006766318689
487 305 5.291917736624305
487 488 2.071020663046818
488 487 2.071020663046818
489 337 3.3951430342339246
490 335 3.291444776118528
491 548 3.4489599309397296
492 494 0.3192984296976629
492 493 2.6418428787256274
492 471 2.9551844990207696
493 492 2.6418428787256274
494 492 0.3192984296976629
494 549 2.100935481002648
494 551 4.065662115090794
495 334 4.651084084693648
496 499 2.6315994376868037
497 295 1.9832595483743625
498 500 0.6507533578675138
499 333 0.3435593654034968
499 496 2.6315994376868037
499 286 0.6388476845854123
500 498 0.6507533578675138
500 703 0.6259092929810439
500 295 6.423426686793382
501 298 1.8865666703342387
502 465 3.4348945820635075
503 362 5.688525598975662
504 441 6.168796444223468
504 442 8.435498202021341
504 554 21.172642018329885
505 559 4.748891395596754
505 582 9.003383728392022
505 507 1.622764088230344
506 507 2.582365208551822
507 506 2.582365208551822
507 505 1.622764088230344
507 558 3.792618548057735
508 509 6.170880301693365
508 467 1.9949132742168727
508 548 0.9159514350379996
509 471 1.1779828881664087
509 508 6.170880301693365
509 510 5.7069098772673135
510 511 0.7516211453589657
510 626 0.717349837164592
510 509 5.706909877267313
511 510 0.7516211453589657
512 551 1.4054964965978998
513 700 0.7013797045983878
513 699 1.1851619913738263
513 514 7.127031340543455
514 515 1.3393464269880444
514 471 5.146382481968087
514 513 7.127031340543455
515 516 3.339357214445069
515 514 1.3393464269880444
515 702 3.370736489499978
516 518 1.0176691089371628
516 517 0.9753155410179044
516 515 3.339357214445069
517 516 0.9753155410179044
518 516 1.0176691089371628
519 487 1.4062006766318689
519 549 2.0207137662701
519 552 6.534521348337786
520 559 1.267637574545266
521 619 0.7296433120135806
521 522 2.3586043112044828
521 690 2.9356567767681843
522 521 2.3586043112044828
522 565 4.919533244138221
522 524 3.2978781850542367
523 535 4.761885055062267
523 619 3.24503439795142
523 534 3.9472638704900334
524 522 3.2978781850542367
525 479 5.070670824695051
525 270 2.8837677176995347
525 542 2.6068712160661507
526 688 1.1941215207822113
527 530 0.5649935965983943
528 529 3.845388801351444
528 306 3.4186715255615607
528 531 0.5749765867143981
529 530 0.6318631642634697
529 245 4.124171235459993
529 528 3.845388801351444
530 529 0.6318631642634697
530 532 0.27298929021182916
530 527 0.5649935965983943
531 528 0.5749765867143981
532 530 0.27298929021182916
533 690 0.8969006932719105
534 567 2.4833959355324335
534 523 3.9472638704900325
534 568 3.7323569141209987
535 566 1.8504587929207357
535 523 4.761885055062267
535 617 3.256707338975668
536 537 3.010707188387674
536 557 4.169210316143467
536 436 7.455934348030766
537 536 3.010707188387674
538 539 2.2761970223521057
539 540 2.960338185683626
539 538 2.2761970223521057
539 688 6.687813644600871
540 539 2.960338185683626
540 440 2.5199502728231025
540 478 3.833372164305156
541 542 3.5915090319532323
541 432 10.008656735108934
541 287 3.8487316660399946
542 541 3.5915090319532323
542 525 2.6068712160661507
542 435 6.808531495071444
543 481 2.3589449744167994
543 565 4.876372293146256
543 612 7.878785099966244
544 447 0.6895222456082272
544 545 3.184852397433279
544 448 3.30710080295328
545 544 3.184852397433279
546 445 2.0436863470361124
547 453 1.8423159131310713
547 475 3.00641423599827
547 452 5.986340590530257
548 564 0.23923755181040327
548 491 3.4489599309397296
548 508 0.9159514350379996
549 494 2.100935481002648
549 550 3.1880513611248142
549 519 2.0207137662701
550 549 3.1880513611248142
551 512 1.4054964965978998
551 494 4.065662115090794
551 701 2.4793595982225813
552 553 0.6415414695417052
552 474 0.8821743393476784
552 519 6.534521348337784
553 552 0.6415414695417052
554 555 5.09067837774722
554 504 21.172642018329878
554 482 3.0631138790383194
555 554 5.09067837774722
556 566 5.224056780289464
557 536 4.169210316143467
557 566 6.873172357086474
557 481 4.31288991074095
558 569 0.6045478407032063
558 480 3.7146188729006884
558 507 3.792618548057735
559 561 1.5257724190933182
559 520 1.267637574545266
559 505 4.748891395596754
560 441 10.077516710027707
561 559 1.5257724190933182
562 612 1.5127553832704752
563 302 1.3296520693280254
564 548 0.23923755181040327
565 543 4.876372293146256
565 435 5.9110469930755265
565 613 7.616975195959858
565 522 4.919533244138221
566 557 6.873172357086474
566 482 6.890986739455473
566 535 1.8504587929207357
566 556 5.224056780289464
567 534 2.4833959355324335
568 534 3.7323569141209982
569 558 0.6045478407032063
569 570 3.848148426633311
569 573 3.677971277262479
570 572 1.624747353679114
570 571 1.68164337307726
570 569 3.848148426633311
571 570 1.68164337307726
572 570 1.624747353679114
573 575 7.581597993528248
573 608 3.1368659378167925
573 569 3.677971277262479
574 578 3.65414975123546
574 589 4.544911794516036
574 609 3.3401039027937283
575 573 7.581597993528248
575 577 5.874316505619461
575 576 2.7555403478447045
576 575 2.7555403478447045
577 575 5.874316505619461
578 574 3.65414975123546
579 592 5.6912924488085865
579 581 3.2574940516825808
579 580 6.1260450414721195
580 579 6.12604504147212
581 579 3.257494051682581
582 505 9.003383728392022
582 584 1.7296868072586307
582 583 3.978281537063655
583 582 3.978281537063655
584 582 1.7296868072586307
585 587 6.439479160253693
586 601 0.7938695484147464
587 590 3.8245989501625557
587 585 6.4394791602536925
587 588 3.0290083676285517
588 587 3.0290083676285517
589 608 0.1772571596649258
589 574 4.544911794516036
589 590 5.7257099398844415
590 587 3.8245989501625557
590 591 2.118173867558577
590 589 5.7257099398844415
591 592 2.3352351168974357
591 590 2.118173867558577
591 604 5.543489441855613
592 610 3.232885429765893
592 591 2.3352351168974357
592 579 5.6912924488085865
593 598 1.2665087228635936
593 606 1.3794651900256922
593 597 3.601275896984678
594 599 2.9018481775284592
595 598 3.487283769452207
596 597 2.751964606226153
597 596 2.751964606226153
597 593 3.601275896984678
597 601 3.918161395078052
598 599 2.2338740235358387
598 593 1.2665087228635936
598 595 3.487283769452207
599 594 2.9018481775284592
599 625 8.103647948814572
599 598 2.2338740235358387
600 601 1.8339733690597526
601 586 0.7938695484147464
601 600 1.8339733690597526
601 597 3.918161395078052
602 604 0.9687569279569301
603 604 0.786332445069002
604 603 0.786332445069002
604 602 0.9687569279569301
604 591 5.543489441855613
605 606 2.8599871346074806
606 610 1.2669510763305856
606 593 1.3794651900256922
606 605 2.8599871346074806
607 608 2.322530766987169
608 589 0.1772571596649258
608 607 2.322530766987169
608 573 3.136865937816792
609 574 3.340103902793729
610 606 1.2669510763305856
610 611 3.390835710633221
610 592 3.232885429765893
611 610 3.390835710633221
612 616 0.4641515837235487
612 562 1.5127553832704752
612 543 7.878785099966244
613 565 7.616975195959859
613 440 2.812442349192987
613 614 2.5918853453911437
614 613 2.5918853453911437
615 478 2.2730126654374843
616 612 0.4641515837235487
617 535 3.256707338975668
618 619 2.569155042459118
619 523 3.24503439795142
619 521 0.7296433120135806
619 618 2.569155042459118
620 416 2.141604400130246
621 416 1.177206845205547
622 623 1.7976143614271827
622 629 1.0115257635814372
622 630 1.690643387133669
623 625 3.7418642533397803
623 622 1.7976143614271827
623 61 9.921923545880047
624 625 1.842763753671369
624 631 1.9305511359404817
624 632 0.8723453647120709
625 623 3.7418642533397803
625 624 1.842763753671369
625 599 8.103647948814572
626 510 0.717349837164592
627 425 1.5852662655288348
628 432 4.811275229368644
629 622 1.0115257635814372
630 622 1.690643387133669
631 624 1.9305511359404817
632 624 0.8723453647120709
633 640 0.49539244902324275
634 641 0.5018200067521231
635 643 0.6331679354364365
636 672 26.18379349427309
637 634 1.3993754870906097
638 633 1.6700094796979472
639 642 0.5025004838631009
640 637 1.6116726929385417
640 634 0.7331543232180953
641 652 2.451412761372731
641 639 0.7240808312626339
642 635 0.60607170091061
642 651 1.3080234241602633
643 638 1.7792202051982924
643 633 0.6364804278951978
644 707 3.762993412719479
644 645 6.185142812010545
644 682 9.022757664010426
645 644 6.185142812010545
645 662 3.8822074451121225
645 650 14.230559849321795
646 680 1.316512675395828
646 736 1.8471579020655093
646 647 3.9468927864751997
647 650 2.027432727764854
647 655 6.724753944772843
647 646 3.9468927864751997
648 649 3.83138669125349
648 686 1.9379523434184067
648 710 6.746696474585506
649 648 3.83138669125349
649 682 6.561459775036967
649 650 10.638228305964967
650 649 10.638228305964967
650 645 14.230559849321791
650 647 2.027432727764854
651 166 27.055348822532693
651 635 1.2388107998520472
652 639 2.190213668568984
652 655 11.088406890509347
653 673 17.227322930952486
653 674 1.212540852622902
653 675 5.021564951024824
654 655 16.572016674631087
655 647 6.724753944772844
655 652 11.088406890509349
655 654 16.572016674631087
656 657 0.5082349773839739
657 656 0.5082349773839739
657 659 0.5205545457530206
657 658 1.876903908429213
658 83 8.753481173987273
658 81 2.0900366311788847
658 657 1.876903908429213
659 657 0.5205545457530206
660 666 3.443147507390133
660 722 1.6218872258288135
660 668 4.271304168785154
661 672 4.722764150550593
661 670 4.691006476196575
661 714 10.625545302269407
662 645 3.8822074451121233
662 685 5.378003273892829
662 675 6.644585474465592
663 665 0.6367347998438924
664 665 0.9439812948414313
665 664 0.9439812948414313
665 663 0.6367347998438924
665 685 5.164733498065314
666 728 2.283995119502955
666 660 3.443147507390133
666 729 8.772119535849193
667 715 2.1915035823938402
667 737 2.66256468092677
667 738 3.513775763709319
668 670 4.751876155099856
668 660 4.271304168785154
668 724 1.6509660901859864
669 715 4.6766634946056795
669 716 5.070596170453246
669 670 6.697863233019096
670 661 4.691006476196575
670 668 4.751876155099856
670 669 6.697863233019096
671 726 5.1801047393496615
671 712 1.382467163224258
671 714 19.660417764918968
672 636 26.18379349427309
672 661 4.722764150550593
672 726 2.543379238473537
673 653 17.22732293095249
674 653 1.212540852622902
675 653 5.021564951024824
675 662 6.644585474465593
675 676 3.6355547933937493
676 677 6.660696109927793
676 675 3.6355547933937484
677 676 6.660696109927793
677 678 7.714719981042694
678 739 0.7115457447637735
678 679 1.163151790674657
678 677 7.714719981042694
679 678 1.163151790674657
679 680 4.143926847912224
680 679 4.143926847912224
680 646 1.316512675395828
681 707 0.8331059625077881
682 649 6.561459775036966
682 709 9.597190872904621
682 708 2.686135038609596
682 644 9.022757664010426
683 684 0.9375981697319874
684 683 0.9375981697319874
684 685 4.931657287885685
684 734 4.0382766662516865
685 684 4.931657287885685
685 665 5.164733498065314
685 662 5.378003273892828
686 648 1.9379523434184067
687 688 0.5116501081052028
688 526 1.1941215207822113
688 687 0.5116501081052028
688 539 6.687813644600871
689 690 0.45022005862935016
690 533 0.8969006932719105
690 689 0.45022005862935016
690 521 2.935656776768184
691 94 3.6331589900786114
691 691 2.828268414616958
692 32 2.170979624732953
693 694 0.29012913052716055
693 695 0.3867670441158009
693 459 1.8089510679933936
694 693 0.29012913052716055
695 693 0.3867670441158009
696 282 1.8203563048328726
696 248 1.9138193210219023
696 268 4.358158672689611
697 331 1.1177121456306154
698 331 0.30901541078094785
699 513 1.1851619913738263
700 513 0.7013797045983878
701 551 2.4793595982225813
702 515 3.370736489499978
703 500 0.6259092929810439
704 459 0.19738063094339584
704 463 3.3606299588418804
704 460 4.567040497119195
705 462 0.8021944565281856
706 707 1.1457002453310217
707 681 0.8331059625077881
707 644 3.762993412719479
707 706 1.1457002453310217
708 733 0.796318048715437
708 682 2.686135038609596
708 732 2.7321438850337536
709 682 9.597190872904623
710 648 6.746696474585506
711 736 4.032743809265108
712 671 1.382467163224258
713 720 1.6308820595419025
713 722 10.033021113113493
713 245 22.302157008059034
714 661 10.625545302269407
714 716 5.138172845431382
714 671 19.66041776491896
715 667 2.1915035823938402
715 718 2.919820545627663
715 669 4.6766634946056795
716 669 5.070596170453247
716 714 5.138172845431382
716 720 15.127351185585164
717 718 1.5654653480034315
718 715 2.919820545627663
718 724 2.2058954012314254
718 717 1.5654653480034315
719 720 6.019914824390615
720 719 6.019914824390615
720 713 1.6308820595419025
720 716 15.127351185585168
721 722 1.5164529145345504
722 660 1.6218872258288135
722 721 1.5164529145345504
722 713 10.033021113113492
723 724 1.6528072062172048
724 718 2.2058954012314254
724 723 1.6528072062172048
724 668 1.6509660901859864
725 726 3.102661057408283
726 671 5.1801047393496615
726 725 3.102661057408283
726 672 2.543379238473537
727 728 5.4641771080201496
728 666 2.283995119502955
728 424 27.048495462567544
728 727 5.4641771080201496
729 666 8.772119535849193
730 732 1.0797314468490997
731 732 1.3918636254160117
732 730 1.0797314468490997
732 731 1.3918636254160117
732 708 2.7321438850337536
733 708 0.796318048715437
734 684 4.0382766662516865
735 736 3.6032107473766
736 711 4.032743809265108
736 646 1.8471579020655093
736 735 3.6032107473766
737 667 2.66256468092677
738 667 3.5137757637093188
739 678 0.7115457447637735
