0 8 0.5379830440548049
0 16 7.619050419601947
0 12 10.64976482861102
1 33 3.3332046135723914
1 7 25.368332038068637
1 31 10.914180457880532
2 36 0.4529614298204118
2 7 24.246545198735657
2 3 6.640319841779518
3 12 2.919664701033177
3 11 5.0926028593954955
3 2 6.640319841779518
4 33 24.02261902671014
5 16 57.25044511804175
6 22 51.61923880601933
6 30 12.185127746612084
6 7 7.356036825631724
7 1 25.36833203806864
7 2 24.246545198735653
7 6 7.356036825631724
8 0 0.5379830440548049
8 34 23.791975652157248
8 14 7.858910442682853
9 24 2.7987255007859395
9 17 10.422786911357871
9 22 2.5041906718641456
10 35 10.597363286222878
11 3 5.0926028593954955
12 13 3.663196232748754
12 3 2.919664701033177
12 0 10.64976482861102
13 12 3.663196232748754
14 15 6.35186214743974
14 8 7.858910442682853
15 14 6.35186214743974
16 32 38.6816045763531
16 5 57.25044511804175
16 0 7.6190504196019475
17 18 7.20895318679569
17 9 10.422786911357871
17 29 90.49540396840514
18 17 7.20895318679569
19 20 9.56506676168263
19 33 4.465978432448398
20 21 5.651625046859295
20 26 6.9367240725993495
20 19 9.565066761682628
21 20 5.651625046859295
22 24 1.6701865203240596
22 6 51.619238806019325
22 9 2.5041906718641456
23 26 6.143340729960708
24 9 2.7987255007859395
24 38 5.055399960396985
24 22 1.6701865203240596
25 28 2.710736400412967
26 23 6.143340729960708
26 28 18.72778710717232
26 20 6.9367240725993495
27 28 12.554399903357007
28 25 2.710736400412967
28 27 12.554399903357007
28 26 18.727787107172315
29 17 90.49540396840511
30 6 12.185127746612082
31 35 1.1575749709170333
31 36 1.13801401699169
31 1 10.914180457880532
32 16 38.681604576353116
32 37 11.501566423269486
33 1 3.3332046135723914
33 4 24.02261902671014
33 19 4.465978432448398
34 8 23.791975652157248
35 36 1.263574528927598
35 10 10.597363286222878
35 31 1.1575749709170333
36 35 1.263574528927598
36 2 0.4529614298204118
36 31 1.13801401699169
37 32 11.501566423269486
38 24 5.055399960396985
