0 1 0.29069058930430086
1 24 3.9484524707501
1 499 1.6249585084417757
2 473 2.9046125492552135
2 3 1.3711456199838163
3 371 0.2638633065537936
4 468 0.6287578585956862
5 6 1.8126154562717225
5 0 1.1891956839566544
6 0 1.8422527807512055
7 4 1.9895926742985384
7 477 17.727130742421153
8 14 1.71670159692602
8 481 30.266875876905818
9 464 1.5295820851243838
9 10 0.5047865402043186
10 13 0.25094965704341693
11 12 0.5013399152040924
12 14 0.7838717429726609
12 8 1.651184386080914
13 11 0.7418588955530158
13 22 1.5778713162463556
14 9 0.2143530040882575
15 127 1.0531362834095024
15 464 4.362680701066094
15 308 5.93158256416313
16 358 11.405651955587105
16 160 14.546285338283631
16 361 3.0086455381492647
17 41 13.484925515574023
17 160 4.769246362209884
17 152 7.280091091219851
18 19 3.919615919684865
18 41 1.0416428718392883
19 20 7.061069017103672
19 18 3.919615919684866
20 203 1.5004731392525406
20 19 7.061069017103671
20 429 8.105025360707234
21 202 6.095152883080351
21 497 11.41733004091811
21 198 4.349397997584434
22 11 1.4713364572337786
22 23 16.597732182089732
23 22 16.597732182089725
23 368 22.885330945738787
23 369 20.24070976856076
24 499 3.4627770249431777
24 626 6.9718595918441935
25 62 57.7400917336615
26 202 2.7419075613979986
26 78 1.6387925782412365
26 201 3.292703708095185
27 78 3.508015299157779
27 28 2.8698647856006487
27 69 4.93172337883954
28 27 2.8698647856006487
28 558 4.9612328976541855
28 81 3.608087373929104
29 558 1.2336132422928476
29 77 3.570486840924687
29 74 2.998835192005983
30 75 1.6973004734718318
30 31 5.617241249589826
30 98 2.3182434199772817
31 30 5.617241249589827
31 97 2.15919858396397
31 99 5.598559843041625
32 101 2.052886631541226
32 100 0.9895762293644329
32 96 3.4192015259848896
33 100 2.095435717033993
33 487 6.968342135037937
33 102 2.060625896473609
34 159 1.3799656244979999
34 613 12.459976508314707
34 169 10.77693119426839
35 326 10.640518591608568
35 149 16.988714669109253
35 339 5.431879574527135
36 329 6.919955585099725
36 37 6.726877810000406
36 328 6.66866786383496
37 38 3.0761165930317156
37 36 6.726877810000406
37 330 5.210189128569934
38 39 46.4391247842516
38 37 3.076116593031715
38 287 15.458144483570752
39 38 46.439124784251575
40 465 3.202131688628589
40 227 10.405254842456655
41 173 5.450355122983023
41 18 1.0416428718392883
41 17 13.484925515574023
42 168 0.6881438671204847
42 362 0.8846873302793681
42 160 13.443815346917509
43 46 2.174980387245625
43 48 4.2561227320700565
43 45 1.309445361060878
44 46 1.8592358037128025
45 622 0.25270343682832147
45 623 0.2736836755270364
45 43 1.309445361060878
46 44 1.8592358037128025
46 43 2.174980387245625
46 47 2.2172714514197267
47 625 0.33648185018096133
47 624 0.22503753123130207
47 46 2.2172714514197267
48 43 4.2561227320700565
48 72 3.493150545295606
48 49 3.5781086929258716
49 54 5.039197807996286
49 48 3.5781086929258716
49 629 1.6953341435760458
50 629 0.3999696919869609
51 540 1.7895513758831585
51 57 4.498096705459529
51 539 1.608578989271478
52 585 0.45884415165752873
52 539 0.9928882085657362
52 535 1.3986760282825201
53 75 7.459789733390907
54 49 5.039197807996286
54 501 2.0470377478667094
54 500 2.1378267260157626
55 487 0.6831884870367131
55 546 0.4226461474981988
55 545 0.23668917976391515
56 96 2.8908253367459418
57 537 3.929804824964275
57 97 7.755867110560393
57 51 4.498096705459529
58 537 1.2817777593575765
59 526 3.4929273164036605
59 61 1.6865838979940233
59 60 1.8121720667088839
60 59 1.8121720667088839
61 59 1.6865838979940233
62 526 8.847825725489058
62 25 57.740091733661494
62 504 5.547216662993939
63 64 0.4180822941250196
63 632 0.338946106160951
63 69 7.332514371522132
64 63 0.4180822941250196
65 66 1.408849285097691
65 199 3.006623616409046
65 192 6.96580869593806
66 67 1.5669469964900204
66 65 1.408849285097691
66 196 1.7622517641572477
67 197 1.4916765421894829
67 66 1.5669469964900204
67 580 5.032590398452571
68 197 3.8291817039799154
68 19 9.725446299593006
68 152 4.811253129673588
69 63 7.332514371522132
69 71 3.918397509999501
69 27 4.93172337883954
70 71 4.2276327348280205
71 70 4.2276327348280205
71 72 2.5015944204108904
71 69 3.918397509999501
72 48 3.493150545295606
72 71 2.5015944204108904
72 73 5.036502132142849
73 631 0.3307994449077429
73 630 0.3606760735727495
73 72 5.036502132142849
74 29 2.998835192005983
75 76 2.546664475243285
75 30 1.6973004734718318
75 53 7.459789733390909
76 77 0.9412563370947733
76 75 2.546664475243285
76 534 5.1859830432386085
77 76 0.9412563370947733
77 29 3.570486840924687
77 80 5.602744011801871
78 26 1.6387925782412365
78 27 3.5080152991577784
78 88 11.841668853346281
79 561 0.8109634848994813
79 81 2.1552735511957843
79 560 1.0707252816218196
80 635 0.3110093479669555
80 636 0.4468263263964097
80 77 5.602744011801871
81 637 0.41599302236416
81 28 3.6080873739291044
81 79 2.1552735511957843
82 83 0.844724307722523
82 602 0.3541100300447063
82 555 2.3456748114342827
83 82 0.844724307722523
84 639 1.2977595329320801
85 562 0.8296460272793759
85 86 2.9273578854078135
85 94 2.959034721891387
86 85 2.9273578854078135
86 564 0.6891183477180017
86 563 0.6143818703621934
87 108 4.229717590284282
87 553 2.420634445263632
87 92 3.3799655125472183
88 89 2.6560702315306592
88 78 11.84166885334628
88 94 3.141061406320661
89 92 2.262921162742841
89 88 2.6560702315306592
89 555 2.192565161523267
90 92 2.053699263790969
90 384 0.43280720268456696
90 383 1.7274928054854828
91 383 0.3316047607880621
92 90 2.053699263790969
92 87 3.3799655125472183
92 89 2.262921162742841
93 565 0.5630990300408693
93 639 3.0654674189562168
93 94 3.7754504445276087
94 93 3.7754504445276087
94 88 3.141061406320661
94 85 2.959034721891387
95 101 0.10121481629870656
95 97 4.1646223428527
95 96 3.5106688922945475
96 56 2.8908253367459418
96 95 3.5106688922945475
96 32 3.4192015259848896
97 31 2.15919858396397
97 95 4.1646223428527
97 57 7.755867110560393
98 30 2.3182434199772817
99 31 5.598559843041626
100 32 0.9895762293644329
100 33 2.095435717033993
100 104 1.2001792921544527
101 95 0.10121481629870656
101 32 2.052886631541226
102 103 5.071039309773108
102 33 2.060625896473609
102 473 22.98191854081064
103 547 1.2225617188507025
103 102 5.071039309773108
103 548 1.147770023745751
104 105 1.6919677549542356
104 100 1.2001792921544527
104 101 2.865581004780223
105 106 5.9614087618701594
105 104 1.6919677549542356
105 116 12.035402703516842
106 126 20.87753480793775
106 105 5.9614087618701594
106 390 4.68145596981185
107 375 0.7365904521519824
107 549 1.5700189463301961
107 119 3.334274408461419
108 109 4.359377918702991
108 87 4.229717590284282
108 120 4.017192668828389
109 112 3.902577556130182
109 110 3.151683907601617
109 108 4.359377918702991
110 388 0.4094773705213245
110 387 4.630210465804439
110 109 3.151683907601617
111 387 0.4908763221339049
112 109 3.902577556130182
112 385 0.5119618252137542
112 113 2.689150675046737
113 114 0.898706267184235
113 485 2.857850004215265
113 112 2.689150675046737
114 113 0.898706267184235
115 551 1.2490519538563665
115 116 2.3860898526289516
115 124 7.621534852919534
116 115 2.3860898526289516
116 105 12.035402703516842
116 381 1.9836153936038163
117 381 0.6419544154452592
118 119 1.9725281768817815
118 377 2.512570230694121
118 378 2.647543241130572
119 118 1.9725281768817815
119 120 2.876001025412657
119 107 3.3342744084614186
120 119 2.8760010254126565
120 374 1.9804550875169002
120 108 4.017192668828388
121 374 1.2478815389398765
122 553 0.7671440984334369
123 378 0.5272942448007575
124 379 0.6944017243367462
124 125 3.017077527520714
124 115 7.621534852919532
125 124 3.017077527520714
126 106 20.877534807937742
127 320 1.6137609694481467
127 15 1.0531362834095024
127 654 5.822254677342094
128 654 1.748364977392413
128 130 8.917962767633192
128 129 4.338764895617751
129 131 8.22043961057946
129 134 13.32026705132808
129 128 4.338764895617751
130 483 0.40508323075308966
130 482 0.7316963476554883
130 128 8.917962767633192
131 129 8.22043961057946
131 132 4.829573569136109
131 133 3.8267362049515263
132 131 4.82957356913611
132 156 5.397398706257909
132 135 7.902917480861016
133 510 0.5129050365914408
133 507 15.617014739712825
133 131 3.8267362049515263
134 129 13.32026705132808
135 132 7.902917480861016
135 136 8.549865391262344
136 135 1.919528402700571
136 137 3.094975792165399
137 136 3.094975792165399
138 144 12.549110301097972
139 462 0.42695438239641337
140 461 0.34059830175770295
141 594 0.43716688836537915
142 461 6.721780932697129
142 144 5.20367285692723
142 143 5.19894278864397
143 142 5.198942788643971
143 161 6.906974709857028
143 462 6.560769055153089
144 594 5.817363788202523
144 138 12.549110301097974
144 142 5.203672856927229
145 227 4.637904973636839
145 146 6.539641899241766
145 436 3.5346801182305896
146 223 4.95497417733123
146 145 6.539641899241765
146 527 4.010043295705727
147 225 10.906862273802544
148 162 3.8342486629461487
149 360 2.3225462630366827
149 35 16.98871466910925
149 161 8.425979015234432
150 159 6.340275802283493
151 153 6.187805389336228
152 489 1.7307308222202789
152 68 4.811253129673588
152 17 7.280091091219852
153 157 1.3324560565660266
153 154 3.0296373378103167
153 151 6.187805389336229
154 155 3.926669420631666
154 156 4.02427271000152
154 153 3.029637337810317
155 154 3.926669420631666
156 158 2.2427433835547537
156 132 5.397398706257909
156 154 4.02427271000152
157 153 1.3324560565660266
158 156 2.2427433835547537
158 489 2.7683261470346103
158 190 4.192263040155208
159 34 1.3799656244979999
159 160 7.881553291451044
159 150 6.340275802283493
160 159 7.881553291451044
160 17 4.769246362209884
160 16 14.546285338283631
161 143 6.906974709857029
161 162 8.020669871447046
161 149 8.425979015234434
162 161 8.020669871447046
162 169 10.896262539969607
162 148 3.8342486629461487
163 611 1.0666628458922676
164 657 1.2646396553010175
164 170 4.86987357834503
164 611 4.96895190059896
165 226 1.982672964901906
165 166 15.242282921403605
166 165 15.242282921403605
166 657 5.602272585825697
166 167 5.979623241952083
167 167 4.391337226343923
167 166 5.979623241952085
168 364 0.5116511576535648
168 42 0.6881438671204847
168 169 5.784454313793302
169 162 10.896262539969607
169 34 10.77693119426839
169 168 5.784454313793302
170 171 1.0425568754299939
170 164 4.86987357834503
170 573 2.219810848297645
171 170 1.0425568754299939
171 172 3.257038369900445
171 364 4.113750737513673
172 171 3.257038369900445
173 174 2.7371818780238546
173 41 5.450355122983023
173 175 1.4428228660370217
174 173 2.7371818780238546
174 362 1.6581698461691552
174 178 6.09362339239158
175 173 1.4428228660370217
176 178 0.34601549415158794
176 183 3.245324228679719
176 184 10.161018211179428
177 178 3.4984840837924662
178 176 0.34601549415158794
178 177 3.4984840837924662
178 174 6.09362339239158
179 180 1.0105115275375056
179 228 4.852913829530864
179 186 2.6683508195468972
180 179 1.0105115275375056
181 242 3.221667400783009
181 182 3.646962983135384
181 204 1.9399353500688497
182 181 3.646962983135384
182 502 4.067040562866766
182 183 5.042621612406461
183 182 5.04262161240646
183 176 3.245324228679719
183 18 13.766802386606663
184 176 10.161018211179428
185 186 0.9847469128073194
186 185 0.9847469128073194
186 616 0.43356953306993573
186 179 2.6683508195468972
187 231 3.383394113704368
188 189 3.3302760038433714
188 498 1.9515902434627959
188 192 4.254470755469393
189 193 1.5695817123676172
189 576 0.6468421549083267
189 188 3.3302760038433714
190 158 4.192263040155208
191 192 2.697253595311323
192 191 2.697253595311323
192 188 4.254470755469393
192 65 6.96580869593806
193 189 1.5695817123676172
193 538 0.5907739991211749
193 536 0.5374608193826609
194 634 0.34416619504126345
195 541 1.9021443388360184
195 634 3.19828291848878
195 201 5.209024023538334
196 66 1.7622517641572477
197 67 1.4916765421894829
197 68 3.8291817039799154
198 492 4.149651262215839
198 21 4.349397997584434
198 203 4.994451553769281
199 200 3.740404214055584
199 65 3.006623616409046
199 201 5.294862984715886
200 199 3.740404214055584
201 199 5.294862984715886
201 26 3.292703708095185
201 195 5.209024023538334
202 21 6.095152883080351
202 26 2.7419075613979986
202 431 10.34970152559492
203 197 9.31833204315654
203 198 4.994451553769281
203 20 1.5004731392525406
204 205 1.0917145276542888
204 181 1.9399353500688497
204 641 7.8244289726648155
205 204 1.0917145276542888
205 642 0.1696735574577505
205 643 0.1900368526284965
206 428 0.4865117543319497
207 645 0.5706735068614656
208 402 1.9686740994174292
208 399 0.799068915388205
208 401 2.6960536725758524
209 428 1.947680305120228
209 645 4.261683650951774
209 211 9.532494064672091
210 401 8.547711720120928
210 248 1.0590469433377574
210 211 6.629624424398063
211 210 6.629624424398063
211 497 13.546636536188771
211 209 9.53249406467209
212 216 5.830758209721861
212 261 3.872688597122592
212 213 2.0335077723183477
213 415 0.5081642419634232
213 412 2.4614370371590484
213 212 2.0335077723183477
214 412 0.4457246602541412
215 425 1.0881422653773138
215 216 1.8389377737554593
215 222 5.26442467038795
216 215 1.8389377737554593
216 212 5.830758209721861
216 219 2.2035689922180572
217 218 0.5649074008201306
218 219 1.6181509243157661
218 419 0.4599532788679864
218 217 0.5649074008201306
219 423 4.179766820973039
219 218 1.6181509243157661
219 216 2.2035689922180572
220 221 1.74689397652672
221 220 1.74689397652672
221 222 2.8360706934046465
221 421 0.46044152506882263
222 426 0.4939026859668985
222 221 2.8360706934046465
222 215 5.26442467038795
223 224 0.5841804062207021
223 437 0.5989048766803515
223 146 4.95497417733123
224 223 0.5841804062207021
225 147 10.906862273802544
225 165 2.4023697226817804
226 529 4.153611278994245
226 165 1.982672964901906
226 225 1.5029885554047002
227 145 4.637904973636839
227 40 10.405254842456655
227 529 16.354240203194216
228 231 0.6827052646505299
228 179 4.852913829530864
228 229 2.3313924151524597
229 598 0.48375283235474403
229 228 2.3313924151524597
229 230 2.4314655144853003
230 229 2.4314655144853003
231 228 0.6827052646505299
231 187 3.383394113704368
231 242 6.293023795132739
232 235 3.8899798165131636
232 233 5.261848138603313
232 621 6.5578334971174845
233 232 5.261848138603313
234 245 3.417443230863098
234 235 2.063215765298529
234 241 7.80513821536898
235 234 2.063215765298529
235 232 3.8899798165131636
235 250 4.447124970096724
236 396 7.464443467024948
236 618 2.7503942479852603
236 621 3.6091925650531427
237 618 0.4190119443318339
238 247 1.6075905731786109
238 251 2.2160525673391023
239 243 1.4274977532044155
240 398 0.7298801288458591
241 641 0.2816778382780153
241 242 2.4375919242964876
241 234 7.805138215368982
242 181 3.221667400783009
242 241 2.4375919242964876
242 231 6.293023795132739
243 239 1.4274977532044155
243 244 3.5649128196128927
243 641 2.54493280258012
244 243 3.5649128196128927
245 234 3.417443230863098
246 256 3.1623880574609435
246 238 0.7985629905272076
247 410 6.215515421949095
247 246 0.7327148309791901
248 261 4.576195943084265
248 531 8.710146135073185
248 210 1.0590469433377574
249 252 1.7568510410745606
250 597 0.3225630203351804
250 596 0.28317475994476055
250 235 4.447124970096724
251 398 3.199560946835902
251 252 3.14420334208259
251 238 2.2160525673391027
252 249 1.7568510410745606
252 255 3.471897106919598
252 251 3.1442033420825894
253 254 2.3407753729233614
254 400 0.4618162690165398
254 253 2.3407753729233614
254 268 3.9401069812211773
255 268 6.273328250854749
255 640 2.687382822219198
255 252 3.4718971069195974
256 259 6.423744829077908
256 246 3.162388057460943
256 409 6.864653940529754
257 409 2.2714829332212396
258 259 0.7715723609082048
259 258 0.7715723609082048
259 404 0.8734025421691988
259 256 6.423744829077908
260 272 16.38224037114778
260 531 2.917961046279832
260 422 12.401983424557798
261 212 3.872688597122592
261 248 4.576195943084265
261 416 3.8171751761337873
262 422 1.2505373504519903
263 417 0.5031592988832864
264 423 0.5995869029142697
265 278 5.652629745944426
266 516 0.515013114989208
266 517 0.6018982218855864
266 518 2.5406739341327738
267 268 1.7338581902866825
268 267 1.7338581902866825
268 255 6.273328250854749
268 254 3.9401069812211773
269 271 4.681251083382503
269 393 20.590204412707028
269 395 5.145735764671862
270 395 0.4293400307718329
271 269 4.681251083382503
271 393 13.324467294073308
271 274 5.611677925700857
272 273 2.346904172082223
272 260 16.38224037114778
273 272 2.346904172082223
273 275 8.132666398874807
274 275 1.4764696815139802
274 513 3.046644099016862
274 271 5.611677925700857
275 274 1.4764696815139802
275 273 8.132666398874807
275 276 5.076795139837117
276 278 4.894516332951146
276 275 5.076795139837118
276 277 15.48017695629202
277 278 3.241070718101366
277 518 4.425289925946886
277 276 15.48017695629202
278 277 3.241070718101366
278 276 4.894516332951146
278 265 5.652629745944426
279 513 0.8963346932748646
279 280 5.623021391814906
280 279 5.623021391814906
281 447 1.9002436268040612
281 448 0.4951323416589372
281 286 1.5938118592004142
282 447 0.5678785940083378
283 450 1.3766311172192052
283 286 4.185166589605253
283 452 6.8299506342281155
284 450 0.46446276244052365
285 452 0.4211458389908369
286 283 4.185166589605253
286 293 3.9806371087862202
286 281 1.5938118592004142
287 325 2.30603189846936
287 649 0.7611886916529732
287 38 15.458144483570756
288 606 0.172739403227447
289 444 0.4170026734392257
290 328 11.560107577292637
290 606 7.175347071496508
290 291 3.955973028635825
291 292 4.591150743287328
291 290 3.955973028635825
291 293 4.202638253860117
292 302 9.572295123000352
292 291 4.591150743287328
292 299 5.078465798325761
293 286 3.9806371087862202
293 291 4.202638253860117
293 444 3.7749913420051144
294 300 2.236407288910767
295 297 7.329017167282563
296 297 7.49333681703771
296 307 7.337406523453183
296 298 3.4753222360682723
297 295 7.329017167282563
297 296 7.49333681703771
297 302 6.892461656313157
298 305 1.1566374821751446
298 457 0.8148004835066648
298 296 3.4753222360682723
299 292 5.078465798325761
300 301 4.477321503269978
300 341 5.793245416310275
300 294 2.236407288910767
301 340 2.3960896920199892
301 300 4.477321503269978
301 589 4.262471366025047
302 303 4.883798691717538
302 292 9.572295123000352
302 297 6.892461656313157
303 304 1.5048685180478596
303 302 4.883798691717538
303 306 4.558125199644888
304 306 1.9528219203418191
304 316 9.842027722671123
304 303 1.5048685180478598
305 298 1.1566374821751446
306 304 1.9528219203418191
306 441 3.982083562324998
306 303 4.558125199644888
307 318 2.810372615559837
307 296 7.337406523453183
307 471 2.0812315373959933
308 309 1.0684066862297998
308 310 4.166316382867027
308 15 5.93158256416313
309 308 1.0684066862297998
309 571 1.549650150507461
309 652 5.275882435636096
310 308 4.166316382867027
311 601 1.382019481226914
312 315 2.076648440779668
312 318 4.753554588300835
312 316 4.312806967422281
313 317 2.05826097408664
313 356 5.3797070196267915
313 316 4.10713937790643
314 316 1.9951102929216065
314 317 1.9122263175563687
314 315 1.6748316897315627
315 312 2.076648440779668
315 314 1.6748316897315627
315 319 5.196679843622401
316 314 1.9951102929216065
316 304 9.842027722671123
316 312 4.312806967422281
316 313 4.10713937790643
317 313 2.05826097408664
317 314 1.9122263175563687
317 357 5.345867494181583
318 307 2.810372615559837
318 320 13.121966492774273
318 312 4.753554588300835
319 600 0.32598537397793115
319 599 0.25198242858302916
319 315 5.196679843622401
320 127 1.6137609694481467
320 318 13.121966492774273
320 321 9.776240910316472
321 322 2.30172179664253
321 361 6.115102754905585
321 320 9.776240910316472
322 321 2.30172179664253
323 324 4.070950984183604
324 323 4.070950984183603
324 330 7.284829659303809
324 458 14.461849040323639
325 287 2.30603189846936
326 327 3.836161455407228
326 35 10.640518591608568
326 334 5.664514476628188
327 328 2.257787293616154
327 326 3.836161455407228
327 335 4.872547689683747
328 327 2.257787293616154
328 36 6.66866786383496
328 290 11.560107577292637
329 36 6.919955585099725
330 324 7.284829659303809
330 459 4.417575006659557
330 37 5.210189128569934
331 458 1.3902407366993461
331 338 10.430998338703498
331 459 1.4374497224729175
332 338 1.984310949915401
332 334 4.414886504034051
332 333 2.7754803052609516
333 332 2.7754803052609516
333 593 0.417115712053775
333 592 0.480072140379853
334 354 3.100728311547651
334 332 4.414886504034051
334 326 5.664514476628188
335 337 2.7354925094026674
335 336 3.1511263590702767
335 327 4.872547689683748
336 569 0.278099902284628
336 335 3.1511263590702767
336 607 3.3259676212676488
337 608 0.2693332742788414
337 609 0.18636548682677984
337 335 2.7354925094026674
338 332 1.984310949915401
338 355 2.8623745780689536
338 331 10.4309983387035
339 342 3.4126939099059963
339 35 5.431879574527134
339 348 2.007870990919154
340 341 1.9623564074178605
340 342 3.9945678255526103
340 301 2.3960896920199892
341 300 5.793245416310275
341 340 1.9623564074178605
341 343 2.8101885192491194
342 340 3.9945678255526103
342 339 3.4126939099059967
342 438 4.0442259220627195
343 341 2.8101885192491194
344 349 0.8018163898877261
345 438 0.7947581803397296
346 454 0.5962943632417735
347 352 5.56860215880695
347 356 6.322783820750998
347 440 1.141072642768965
348 339 2.007870990919154
348 350 1.5173084892384763
348 349 1.2664091995621778
349 344 0.8018163898877261
349 453 0.340276416624262
349 348 1.2664091995621778
350 348 1.5173084892384763
351 442 2.5979418080173087
352 347 5.56860215880695
352 442 1.7785128036044597
352 353 0.9869737233726974
353 352 0.9869737233726974
354 334 3.100728311547651
354 591 0.3317755493125459
354 590 0.3469891385530415
355 338 2.8623745780689536
356 360 9.51906500384542
356 313 5.3797070196267915
356 347 6.322783820750999
357 317 5.345867494181583
358 16 11.405651955587103
359 524 1.2700890561127092
360 149 2.3225462630366827
360 514 4.592942042796249
360 356 9.51906500384542
361 522 10.084159192116035
361 16 3.0086455381492647
361 321 6.115102754905585
362 42 0.8846873302793681
362 174 1.6581698461691552
362 363 3.0287133741541368
363 362 3.0287133741541368
364 168 0.5116511576535648
364 171 4.113750737513673
364 365 1.5207956518905967
365 364 1.5207956518905967
366 429 0.7207650182015023
367 372 38.86588529688277
368 23 22.88533094573879
368 369 29.487402179591182
369 370 86.53045576558601
369 23 20.240709768560755
369 368 29.487402179591182
370 369 86.53045576558601
371 7 1.5922226901154752
371 4 1.6441800768598178
372 467 1.0995315800633743
372 367 38.86588529688277
373 374 0.538418424054535
374 121 1.2478815389398765
374 373 0.538418424054535
374 120 1.9804550875169002
375 107 0.7365904521519824
376 378 1.9296784404011382
377 118 2.512570230694121
377 551 1.0356530354777156
377 550 1.92961368091525
378 123 0.5272942448007575
378 118 2.647543241130572
378 376 1.9296784404011382
379 124 0.6944017243367462
380 381 0.6757734740727525
381 117 0.6419544154452592
381 380 0.6757734740727525
381 116 1.9836153936038163
382 383 0.5759083739734269
383 91 0.3316047607880621
383 382 0.5759083739734269
383 90 1.7274928054854828
384 90 0.43280720268456696
385 112 0.5119618252137542
386 387 0.4612270196673653
387 111 0.4908763221339049
387 386 0.4612270196673653
387 110 4.630210465804439
388 110 0.4094773705213245
389 390 0.37071962432785166
390 391 0.4986464014780485
390 389 0.37071962432785166
390 106 4.681455969811849
391 390 0.4986464014780485
392 393 1.6617540647330307
393 392 1.6617540647330307
393 269 20.590204412707028
393 271 13.324467294073305
394 395 0.35018927772878067
395 270 0.4293400307718329
395 394 0.35018927772878067
395 269 5.145735764671862
396 236 7.464443467024946
397 398 0.7580738955057924
398 240 0.7298801288458591
398 397 0.7580738955057924
398 251 3.199560946835902
399 208 0.799068915388205
400 254 0.4618162690165398
401 403 0.6959314056119656
401 208 2.6960536725758524
401 210 8.547711720120928
402 208 1.9686740994174292
403 401 0.6959314056119656
404 259 0.8734025421691988
405 407 0.33468455590710866
406 409 0.5879448276181093
407 408 1.036975985677514
407 405 0.33468455590710866
407 410 2.6630559584365265
408 407 1.036975985677514
409 257 2.2714829332212396
409 406 0.5879448276181093
409 256 6.864653940529755
410 247 6.215515421949095
410 531 3.4292136444947006
410 407 2.6630559584365265
411 412 0.4509251228256732
412 214 0.4457246602541412
412 411 0.4509251228256732
412 213 2.4614370371590484
413 414 0.7244940276520659
414 648 0.21368631333374422
414 413 0.7244940276520659
414 416 1.4766496322917322
415 213 0.5081642419634232
416 417 3.6421236503756305
416 261 3.8171751761337873
416 414 1.4766496322917322
417 263 0.5031592988832864
417 418 0.7701506198707477
417 416 3.64212365037563
418 417 0.7701506198707477
419 218 0.4599532788679864
420 422 0.586269778082022
421 221 0.46044152506882263
422 420 0.586269778082022
422 262 1.2505373504519903
422 260 12.401983424557796
423 264 0.5995869029142697
423 219 4.179766820973039
423 424 0.5523284048660932
424 423 0.5523284048660932
425 215 1.0881422653773138
426 222 0.4939026859668985
427 428 0.5607667450376738
428 206 0.4865117543319497
428 427 0.5607667450376738
428 209 1.947680305120228
429 366 0.7207650182015023
429 20 8.105025360707238
429 430 2.237572767894775
430 429 2.237572767894775
431 432 0.38842836886156373
431 582 1.7022436871043012
431 202 10.349701525594918
432 431 0.38842836886156373
433 434 0.537569109681235
434 527 2.7992801819721107
434 433 0.537569109681235
434 567 2.0010902478680244
435 436 0.4762924144086401
436 435 0.4762924144086401
436 145 3.53468011823059
436 586 1.6400609562558155
437 223 0.5989048766803515
438 345 0.7947581803397296
438 439 0.7012574698442063
438 342 4.0442259220627195
439 438 0.7012574698442063
440 347 1.141072642768965
441 455 0.6759267201200732
441 454 1.0045969858560038
441 306 3.982083562324996
442 443 0.3585657251503387
442 351 2.5979418080173087
442 352 1.7785128036044597
443 442 0.3585657251503387
444 289 0.4170026734392257
444 446 0.5805552257974254
444 293 3.7749913420051144
445 447 0.47318829661135403
446 444 0.5805552257974254
447 282 0.5678785940083378
447 281 1.9002436268040612
447 445 0.47318829661135403
448 281 0.4951323416589372
449 450 0.44249705204631745
450 283 1.3766311172192052
450 284 0.46446276244052365
450 449 0.44249705204631745
451 452 0.450206840946205
452 285 0.4211458389908369
452 451 0.450206840946205
452 283 6.8299506342281155
453 349 0.340276416624262
454 456 0.7292375883390252
454 346 0.5962943632417735
454 441 1.004596985856004
455 441 0.6759267201200732
456 454 0.7292375883390252
457 298 0.8148004835066648
458 331 1.3902407366993461
458 324 14.461849040323635
458 459 0.9283218327259326
459 331 1.4374497224729175
459 330 4.417575006659557
459 458 0.9283218327259326
460 461 0.44702528026506333
461 140 0.34059830175770295
461 142 6.721780932697129
461 460 0.44702528026506333
462 139 0.42695438239641337
462 463 0.3937457284728543
462 143 6.560769055153089
463 462 0.3937457284728543
464 10 1.7372199264477546
464 15 4.362680701066094
465 40 3.202131688628589
465 466 42.259484753928476
466 465 42.25948475392847
467 372 1.0995315800633743
467 626 0.9856602613317706
468 470 1.8932973079219182
468 469 1.1039855408718302
469 5 0.43420238050180077
470 469 2.029795089706574
470 650 6.861343840919665
471 570 0.5272211961487118
471 472 3.1412170143120965
471 307 2.0812315373959933
472 471 3.1412170143120965
473 102 22.981918540810632
473 3 2.838691612058968
474 476 1.0790019806824642
475 480 0.878105377775215
475 481 1.5603517519109167
476 479 0.6434974332796601
476 477 0.7334323927954786
477 7 17.72713074242115
477 479 0.8222853144004654
478 474 0.6929736817992366
478 505 2.5009059821029593
479 475 0.42877411428035495
480 478 0.23907536177637442
481 8 30.26687587690582
481 480 1.2039868885549114
482 130 0.7316963476554883
483 130 0.40508323075308966
484 485 2.715210237691426
485 484 2.715210237691426
485 486 0.8980610804572343
485 113 2.857850004215265
486 485 0.8980610804572343
487 55 0.6831884870367131
487 33 6.968342135037938
487 488 3.381261726008265
488 487 3.381261726008265
489 158 2.7683261470346103
489 152 1.7307308222202789
489 491 2.0886859683142527
490 519 0.4187725336140291
490 520 0.7322695213053638
490 495 3.8640761876832883
491 577 0.6596058219656414
491 489 2.0886859683142527
491 493 2.1301157821637147
492 198 4.149651262215839
493 494 0.5200894348664937
493 578 0.3589627334409898
493 491 2.1301157821637147
494 493 0.5200894348664937
495 496 2.6579572090281713
495 490 3.8640761876832883
495 497 1.687776503207847
496 647 0.44280413386789635
496 646 0.502460274538349
496 495 2.6579572090281713
497 211 13.546636536188771
497 21 11.417330040918113
497 495 1.687776503207847
498 188 1.9515902434627963
499 2 0.3232688424860579
500 54 2.1378267260157626
501 54 2.0470377478667094
502 182 4.067040562866766
503 504 10.248261591716005
503 603 0.4650834515737709
503 604 0.4677048490542472
504 503 10.248261591716005
504 62 5.547216662993939
504 650 9.57184558277825
505 506 6.896350319350926
505 474 2.803607083182212
506 505 6.896350319350926
507 509 0.5754811758933509
507 133 15.617014739712827
507 508 0.6709144313233573
508 507 0.6709144313233573
509 507 0.5754811758933509
510 133 0.5129050365914408
511 512 4.507784747146847
512 559 0.5703890807037888
512 513 10.983917744398626
512 511 4.507784747146847
513 279 0.8963346932748646
513 274 3.046644099016862
513 512 10.983917744398626
514 360 4.592942042796249
514 533 0.0680181349351555
514 515 4.202087233476521
515 655 0.5168108224859836
515 656 0.31387944315719574
515 514 4.202087233476522
516 266 0.515013114989208
517 266 0.6018982218855864
518 566 0.6507891302422256
518 266 2.5406739341327738
518 277 4.4252899259468865
519 490 0.4187725336140291
520 490 0.7322695213053638
521 522 2.0860443423685235
522 524 0.19512177211519743
522 361 10.084159192116035
522 521 2.0860443423685235
523 524 0.7593297058850327
524 359 1.2700890561127092
524 522 0.19512177211519743
524 523 0.7593297058850327
525 526 1.3831246227668368
526 59 3.4929273164036605
526 525 1.3831246227668368
526 62 8.847825725489058
527 434 2.7992801819721107
527 146 4.010043295705727
527 528 3.2352939738140547
528 527 3.2352939738140547
529 227 16.354240203194216
529 226 4.153611278994245
529 530 2.8579098583364684
530 529 2.8579098583364684
531 260 2.917961046279832
531 248 8.710146135073185
531 410 3.4292136444947006
532 533 3.5705606391829954
533 514 0.0680181349351555
533 613 2.4292278146100252
533 532 3.5705606391829954
534 76 5.1859830432386085
535 52 1.3986760282825201
536 193 0.5374608193826609
537 57 3.929804824964275
537 58 1.2817777593575765
537 627 2.3140590819303966
538 193 0.5907739991211749
539 52 0.9928882085657362
539 51 1.608578989271478
539 543 3.059621038634943
540 51 1.7895513758831587
541 195 1.9021443388360184
541 542 0.8293423090801169
541 544 4.347229154838596
542 541 0.8293423090801169
543 539 3.0596210386349427
544 541 4.347229154838596
545 55 0.23668917976391515
546 55 0.4226461474981988
547 103 1.2225617188507025
548 103 1.147770023745751
549 107 1.5700189463301961
550 377 1.92961368091525
551 115 1.2490519538563665
551 377 1.0356530354777156
551 552 1.4450044602127121
552 551 1.4450044602127121
553 122 0.7671440984334369
553 554 0.521732850788638
553 87 2.420634445263632
554 553 0.521732850788638
555 556 0.4283551806510472
555 82 2.3456748114342827
555 89 2.192565161523267
556 555 0.4283551806510472
557 558 6.311397565665869
558 28 4.9612328976541855
558 29 1.2336132422928476
558 557 6.311397565665869
559 512 0.5703890807037888
560 79 1.0707252816218196
561 79 0.8109634848994813
562 85 0.8296460272793759
563 86 0.6143818703621934
564 86 0.6891183477180017
565 93 0.5630990300408693
566 518 0.6507891302422256
567 615 0.32177405007748755
567 568 0.2796691976061285
567 434 2.0010902478680244
568 567 0.2796691976061285
569 336 0.278099902284628
570 471 0.5272211961487118
571 601 0.8052373730111918
571 572 0.3899021575874232
571 309 1.549650150507461
572 571 0.3899021575874232
573 575 0.19699044151877798
573 574 0.32095095790644573
573 170 2.219810848297645
574 573 0.32095095790644573
575 573 0.19699044151877798
576 189 0.6468421549083267
577 491 0.6596058219656414
578 493 0.3589627334409898
579 580 1.0349831641841307
580 579 1.0349831641841307
580 581 0.44495207642052337
580 67 5.032590398452571
581 580 0.44495207642052337
582 584 1.7063404900588206
582 583 0.5503232588966656
582 431 1.7022436871043012
583 582 0.5503232588966656
584 582 1.7063404900588206
585 52 0.45884415165752873
586 587 0.7935013491081268
586 436 1.6400609562558155
586 588 1.0459543811938747
587 586 0.7935013491081268
588 586 1.0459543811938747
589 301 4.262471366025047
590 354 0.3469891385530415
591 354 0.3317755493125459
592 333 0.480072140379853
593 333 0.417115712053775
594 141 0.43716688836537915
594 144 5.817363788202523
594 595 0.4714374941294633
595 594 0.4714374941294633
596 250 0.28317475994476055
597 250 0.3225630203351804
598 229 0.48375283235474403
599 319 0.25198242858302916
600 319 0.32598537397793115
601 571 0.8052373730111918
601 614 0.6569411408173577
601 311 1.382019481226914
602 82 0.3541100300447063
603 503 0.4650834515737709
604 503 0.4677048490542472
605 606 0.37683186517220735
606 288 0.172739403227447
606 605 0.37683186517220735
606 290 7.175347071496508
607 336 3.3259676212676483
608 337 0.2693332742788414
609 337 0.18636548682677984
610 611 0.548637407582128
611 163 1.0666628458922676
611 610 0.548637407582128
611 164 4.9689519005989595
612 613 4.767531881012837
613 533 2.4292278146100252
613 34 12.459976508314707
613 612 4.767531881012837
614 601 0.6569411408173577
615 567 0.32177405007748755
616 186 0.43356953306993573
617 618 0.3624248396192852
618 237 0.4190119443318339
618 617 0.3624248396192852
618 236 2.7503942479852603
619 621 0.25811269835256273
620 621 0.28881693306336503
621 620 0.28881693306336503
621 619 0.25811269835256273
621 236 3.6091925650531427
621 232 6.5578334971174845
622 45 0.25270343682832147
623 45 0.2736836755270364
624 47 0.22503753123130207
625 47 0.33648185018096133
626 467 0.9856602613317706
626 24 6.9718595918441935
626 372 1.9180395573106557
627 537 2.3140590819303966
628 629 0.2893111278709057
629 50 0.3999696919869609
629 628 0.2893111278709057
629 49 1.6953341435760458
630 73 0.3606760735727495
631 73 0.3307994449077429
632 63 0.338946106160951
633 634 0.3688564952171995
634 194 0.34416619504126345
634 633 0.3688564952171995
634 195 3.19828291848878
635 80 0.3110093479669555
636 80 0.4468263263964097
637 81 0.41599302236416
638 639 0.5100847562093537
639 93 3.0654674189562168
639 84 1.2977595329320801
639 638 0.5100847562093537
640 255 2.687382822219198
641 241 0.2816778382780153
641 204 7.8244289726648155
641 243 2.54493280258012
642 205 0.1696735574577505
643 205 0.1900368526284965
644 645 0.2969124187284081
645 207 0.5706735068614656
645 644 0.2969124187284081
645 209 4.261683650951774
646 496 0.502460274538349
647 496 0.44280413386789635
648 414 0.21368631333374422
649 287 0.7611886916529732
650 504 9.571845582778248
650 470 6.861343840919664
650 651 15.679586472108447
651 650 15.679586472108447
652 309 5.275882435636096
653 654 5.1826323912338115
654 128 1.748364977392413
654 127 5.822254677342093
654 653 5.1826323912338115
655 515 0.5168108224859836
656 515 0.31387944315719574
657 164 1.2646396553010175
657 658 1.1808786164098894
657 166 5.602272585825697
658 657 1.1808786164098894
