0 17 13.588066640870416
0 27 14.085973802313788
1 134 175.0028575239039
2 111 16.733023812321683
2 7 5.5659096635395535
2 6 11.944120228993798
3 16 2.622291113244027
3 107 1.3001218863925257
3 111 11.636353199058282
4 143 12.28265481559117
4 63 18.09582011794381
4 77 7.173330139956363
5 63 8.884808982501799
5 106 10.155990535243383
5 79 6.45037037042369
5 134 163.41394912794976
6 106 2.1648393416718728
6 105 0.3757134881154136
6 2 11.944120228993798
7 8 5.5856342535027546
7 2 5.5659096635395535
7 72 2.1002176010722327
8 139 13.587215592921213
8 7 5.5856342535027546
8 24 10.638397917169968
9 10 6.824770674945734
9 139 12.187838848944446
9 31 5.423418876952298
10 9 6.824770674945734
10 11 4.497744713547474
10 40 3.143275275480085
11 36 1.3490879393241728
11 10 4.497744713547474
11 19 26.964916017057938
12 14 1.6910461455989758
12 13 4.74448464549035
12 36 4.754638262633589
13 12 4.74448464549035
14 12 1.6910461455989758
15 77 1.7288540652091928
15 30 12.760251964658279
15 70 0.899124717708677
16 3 2.622291113244027
16 28 4.233060075280976
16 30 6.081473036874012
17 18 11.092910490875807
17 130 5.648515343434264
17 0 13.588066640870418
18 19 14.836779107931996
18 60 12.737387820979484
19 11 26.96491601705794
19 0 6.0129931948954995
20 117 8.845579272291697
20 21 23.831039126417227
20 86 4.377632139645067
21 130 2.6186726250471883
21 20 23.831039126417227
21 46 6.599587087150819
22 48 6.694716781944126
23 58 4.832028372045852
23 59 19.313095423874163
23 48 6.694061007348006
24 65 2.6576402178676055
24 67 2.689985801784676
24 8 10.638397917169968
25 102 0.8428642672423751
25 35 1.706686017664717
25 33 22.030458806064434
26 33 1.9773096316528815
26 102 28.879541113621897
27 0 14.085973802313786
27 107 16.234765055218233
27 28 16.76996541035188
28 107 0.8064790778964288
28 27 16.76996541035188
28 16 4.233060075280976
29 30 9.733723099522601
29 94 1.6983410258682494
29 71 1.5266328242136327
30 15 12.76025196465828
30 29 9.733723099522605
30 16 6.081473036874012
31 31 7.741049326678855
31 9 5.423418876952297
32 134 36.07489578401966
33 26 1.9773096316528815
33 25 22.03045880606443
34 35 7.42064004003247
35 25 1.706686017664717
35 34 7.42064004003247
35 99 11.31742709693733
36 11 1.3490879393241728
36 12 4.754638262633589
36 37 2.304946341395195
37 36 2.304946341395195
38 114 7.338111501589059
39 40 6.336281156084455
40 103 2.277366589802204
40 10 3.143275275480085
40 39 6.336281156084457
41 60 12.306614459153753
41 49 5.4614024845891755
41 52 5.049239481520419
42 47 8.69078266555075
43 47 3.4914565584419357
43 45 5.652722115910197
43 46 6.815584564562252
44 46 7.029276966293923
45 43 5.652722115910197
46 21 6.599587087150819
46 43 6.815584564562253
46 44 7.029276966293923
47 43 3.4914565584419357
47 109 3.389634956107152
47 42 8.69078266555075
48 61 5.822371175187092
48 22 6.694716781944126
48 23 6.694061007348006
49 41 5.461402484589174
50 53 6.707954042684829
51 52 2.6670388171424246
52 51 2.6670388171424246
52 119 13.473928892354467
52 41 5.049239481520419
53 60 1.142290927737475
53 50 6.707954042684829
53 125 5.688355917302898
54 58 12.382933704298663
54 54 11.074095662344261
55 56 1.225363993652883
55 57 2.3975928941528086
55 61 4.576749242282807
56 55 1.225363993652883
57 55 2.3975928941528086
58 23 4.832028372045852
58 54 12.382933704298663
58 119 3.3263524815558836
59 23 19.313095423874163
60 53 1.142290927737475
60 41 12.306614459153753
60 18 12.737387820979484
61 48 5.822371175187091
61 55 4.576749242282807
61 144 2.424800179643029
62 66 0.269843604629574
62 64 0.9816409172262686
62 65 3.3742216132175358
63 5 8.884808982501797
63 4 18.095820117943806
63 81 1.6037735498225014
64 62 0.9816409172262686
65 24 2.6576402178676055
65 101 53.76845933650624
65 62 3.3742216132175358
66 62 0.269843604629574
67 24 2.689985801784676
68 74 0.5231108637048846
69 81 2.5046931139114927
70 92 1.8385716739015323
70 83 4.385369253641442
70 15 0.899124717708677
71 95 22.447389403492394
71 29 1.5266328242136327
71 94 1.413120355351045
72 7 2.1002176010722327
72 87 7.719713032404724
72 93 6.607548395287215
73 92 4.141956209410373
74 68 0.5231108637048846
74 89 0.567004648319938
74 81 3.5490556678741894
75 86 5.283815610490248
76 78 4.289084212233513
77 15 1.7288540652091928
77 92 0.6125546777689538
77 4 7.173330139956364
78 82 5.482270917157494
78 76 4.289084212233513
78 97 2.8441151166897467
79 5 6.450370370423688
80 86 5.231284223960523
81 69 2.5046931139114927
81 63 1.6037735498225016
81 74 3.54905566787419
82 114 5.903356516811015
82 94 10.583860411580911
82 78 5.482270917157494
83 90 6.02214070117455
83 70 4.385369253641443
83 88 3.645074665631125
84 112 1.890214711272558
85 90 3.7938728518301077
86 145 1.042880177057193
86 20 4.377632139645067
86 75 5.283815610490248
86 80 5.231284223960523
87 72 7.719713032404723
88 83 3.645074665631125
89 74 0.567004648319938
90 85 3.793872851830107
90 97 5.269308727758213
90 83 6.02214070117455
91 112 1.4567771111956744
91 117 6.272358794494677
92 77 0.6125546777689538
92 70 1.8385716739015323
92 73 4.141956209410373
93 72 6.607548395287214
94 82 10.58386041158091
94 29 1.6983410258682494
94 71 1.413120355351045
95 126 7.0447829551442736
95 71 22.447389403492394
95 116 9.809332828384552
96 105 7.195038100495631
97 98 2.9139739881303472
97 78 2.8441151166897467
97 90 5.269308727758213
98 97 2.9139739881303472
99 35 11.317427096937331
100 101 9.889666113384514
101 102 22.35140189135238
101 65 53.76845933650625
101 100 9.889666113384509
102 25 0.8428642672423751
102 26 28.879541113621894
102 101 22.351401891352378
103 40 2.277366589802204
104 105 1.864748146642406
104 127 4.255588861658112
104 106 2.2196225875842366
105 6 0.3757134881154136
105 96 7.19503810049563
105 104 1.8647481466424058
106 6 2.1648393416718728
106 5 10.155990535243383
106 104 2.219622587584237
107 28 0.8064790778964288
107 3 1.3001218863925257
107 27 16.234765055218233
108 109 5.031813216989712
109 126 1.1386328465425182
109 47 3.389634956107152
109 108 5.031813216989712
110 111 7.531011315482832
111 3 11.636353199058282
111 2 16.73302381232168
111 110 7.531011315482832
112 91 1.4567771111956744
112 84 1.890214711272558
112 113 5.86227932399578
113 112 5.8622793239957804
114 38 7.33811150158906
114 82 5.903356516811016
114 115 8.500091914217137
115 114 8.500091914217137
116 95 9.809332828384552
117 20 8.845579272291697
117 91 6.272358794494678
117 118 11.95245994622546
118 117 11.95245994622546
119 120 5.33939435994383
119 58 3.3263524815558836
119 52 13.473928892354467
120 121 4.3301675261100545
120 122 1.6266112990760226
120 119 5.33939435994383
121 120 4.3301675261100545
121 128 3.8294048505235243
121 129 1.1527192675378475
122 123 2.509326435047522
122 120 1.6266112990760224
122 124 0.8565085129003801
123 122 2.509326435047522
124 122 0.8565085129003801
125 53 5.688355917302898
126 109 1.1386328465425182
126 137 2.0465039929217057
126 95 7.044782955144273
127 104 4.255588861658113
128 121 3.829404850523524
129 121 1.1527192675378475
130 21 2.6186726250471883
130 131 2.3183550085371367
130 17 5.648515343434264
131 130 2.3183550085371367
131 132 4.806847703300562
131 133 7.899618897962437
132 131 4.806847703300562
133 131 7.899618897962437
134 5 163.4139491279498
134 32 36.07489578401966
134 1 175.00285752390388
135 137 3.0023691970472797
136 137 3.3978214160156797
137 126 2.0465039929217057
137 135 3.00236919704728
137 136 3.3978214160156797
138 139 0.8390813195573205
139 8 13.587215592921213
139 9 12.187838848944445
139 138 0.8390813195573205
140 141 5.863659893852439
141 140 5.863659893852439
141 142 5.17145727088165
141 143 8.864435481408574
142 141 5.17145727088165
143 4 12.282654815591169
143 141 8.864435481408574
144 61 2.424800179643029
145 86 1.042880177057193
