0 1 14.550653539202084
0 5 84.86420317449183
1 0 14.550653539202084
2 83 6.829961257357869
2 13 15.724339476327762
2 8 14.369083171687084
3 39 13.163874060648896
3 42 21.31527641705888
3 11 7.015674490185578
3 74 7.790305602806555
4 48 5.9765355212056095
4 12 5.211605173866795
4 11 19.863915466493893
5 42 108.57483435087772
5 0 84.86420317449183
5 15 16.767872946272092
6 53 8.3175000530751
6 51 7.40602262095286
6 8 10.62962504841961
7 51 29.99259452852277
7 9 31.10485646033026
7 74 2.527419317986779
8 6 10.629625048419612
8 12 8.572382076100492
8 2 14.369083171687082
9 7 31.104856460330254
9 54 12.218247257639497
10 39 16.05225139811874
10 16 10.473277500881675
11 41 10.06319997509006
11 4 19.863915466493893
11 3 7.015674490185578
12 8 8.572382076100492
12 4 5.211605173866795
12 58 21.117528887188374
13 43 2.964426735014436
13 14 8.861526704136407
13 2 15.724339476327762
14 15 13.94127606191574
14 13 8.861526704136407
14 55 5.924981935577955
15 5 16.767872946272092
15 14 13.94127606191574
15 68 18.28890968209253
16 20 3.505282895821522
16 17 5.538353889725674
16 10 10.473277500881675
17 18 3.558968695421203
17 19 1.6004886546064707
17 16 5.538353889725674
18 95 0.842559127577407
18 17 3.558968695421203
18 94 0.7247584777308392
19 17 1.6004886546064707
20 73 0.8471169219229762
20 16 3.505282895821522
20 21 4.253434096253659
21 20 4.253434096253659
21 22 5.6256121036658495
21 24 3.821504569539286
22 23 3.0897470036960235
22 21 5.6256121036658495
22 93 4.2348862117057
23 22 3.0897470036960235
24 96 4.843506869441062
24 21 3.821504569539286
24 25 4.615741229749243
25 26 2.28577278081048
25 37 2.927705817281966
25 24 4.615741229749243
26 25 2.28577278081048
26 27 3.1661756321577874
26 38 4.148708818816033
27 26 3.1661756321577874
27 29 5.564275318988645
27 97 7.918646773521569
28 97 1.567667348389842
29 35 4.489651017228815
29 30 2.3158456155125045
29 27 5.564275318988645
29 31 8.256579395496049
30 29 2.3158456155125045
31 29 8.256579395496047
32 33 2.1640272110545062
33 32 2.1640272110545062
33 34 2.8863208333652404
33 35 6.9248482242824165
34 33 2.8863208333652404
35 29 4.489651017228815
35 36 4.522024441504699
35 33 6.9248482242824165
36 35 4.522024441504699
37 25 2.927705817281966
38 39 3.579923352046261
38 26 4.148708818816033
38 40 2.1402600627553214
39 38 3.579923352046261
39 3 13.163874060648892
39 10 16.052251398118745
40 38 2.1402600627553214
41 11 10.06319997509006
42 5 108.57483435087772
42 3 21.31527641705888
42 108 4.672345632325394
43 13 2.964426735014436
43 45 3.5358384900395143
43 44 2.525942308328841
44 92 0.4334758321071064
44 91 0.42952216919349
44 43 2.525942308328841
45 104 0.4579698326281757
45 90 0.45888525041060096
45 43 3.5358384900395143
46 83 0.8147510719751193
47 107 3.631226726481682
47 81 1.3098630741564379
47 83 10.326570649671256
48 49 2.0840121934956217
48 84 4.353029974825221
48 4 5.9765355212056095
49 50 1.8275184659934132
49 48 2.0840121934956217
49 85 0.8868874570695918
50 49 1.8275184659934132
51 52 12.54012267203146
51 7 29.99259452852277
51 6 7.40602262095286
52 51 12.54012267203146
52 52 11.578160618381165
53 6 8.3175000530751
54 9 12.218247257639497
55 64 10.472965108499885
55 56 7.6254433367245325
55 14 5.924981935577955
56 70 3.6600888931305198
56 57 3.6052099815999723
56 55 7.625443336724532
57 61 7.6465769482812975
57 58 2.5305470736571367
57 56 3.6052099815999723
58 59 8.597757546823802
58 12 21.117528887188374
58 57 2.5305470736571367
59 88 0.22884528724125658
59 60 4.676328170920264
59 58 8.5977575468238
60 87 0.7745397227189753
60 86 0.8713391567769881
60 59 4.676328170920264
61 63 1.4384839586674296
61 57 7.6465769482812975
61 62 1.9887923487449646
62 76 0.7134494520618242
62 77 0.7705247926643324
62 61 1.9887923487449641
63 61 1.4384839586674296
64 65 4.137707548990047
64 55 10.472965108499885
64 89 5.091136270874806
65 64 4.137707548990047
66 72 1.462063550302355
67 69 3.398534747060425
68 103 0.6851764970474538
68 69 5.98099665209871
68 15 18.28890968209253
69 67 3.398534747060425
69 68 5.98099665209871
69 102 3.5618801573441505
70 71 3.1883202395375214
70 56 3.6600888931305198
70 72 6.626609743118662
71 78 1.015247224014738
71 70 3.1883202395375214
71 79 0.7543130187652825
72 66 1.462063550302355
72 70 6.626609743118662
72 106 3.291696136443399
73 20 0.8471169219229762
74 75 3.937009991335615
74 3 7.790305602806555
74 7 2.527419317986779
75 74 3.937009991335615
76 62 0.7134494520618242
77 62 0.7705247926643324
78 71 1.015247224014738
79 71 0.7543130187652825
80 81 1.4344959116526221
81 82 0.915593977914004
81 47 1.3098630741564379
81 80 1.4344959116526221
82 81 0.915593977914004
83 46 0.8147510719751193
83 2 6.829961257357869
83 47 10.326570649671257
84 48 4.353029974825221
85 49 0.8868874570695918
86 60 0.8713391567769881
87 60 0.7745397227189753
88 59 0.22884528724125658
89 64 5.091136270874806
90 45 0.45888525041060096
91 44 0.42952216919349
92 44 0.4334758321071064
93 22 4.2348862117057005
94 18 0.7247584777308392
95 18 0.842559127577407
96 24 4.843506869441062
97 28 1.567667348389842
97 27 7.918646773521569
97 98 2.038424937085237
98 97 2.038424937085237
99 100 1.573253034085139
99 101 1.2397943340176552
99 106 11.055828818587605
100 99 1.573253034085139
101 99 1.2397943340176552
102 69 3.5618801573441505
103 68 0.6851764970474538
104 45 0.4579698326281757
105 106 0.9344827178424088
106 105 0.9344827178424088
106 99 11.055828818587608
106 72 3.291696136443399
107 47 3.631226726481682
108 42 4.672345632325396
