0 156 5.508823822934183
0 10 8.226880186678068
0 167 6.590544494444968
1 153 1.7837593743414852
1 178 9.642808904016649
1 48 11.298629502003784
2 227 3.254700572150709
2 44 4.156697631852566
2 112 21.398550444510587
3 198 12.872610002057623
3 149 6.032143866340267
3 50 6.512672128262477
4 64 6.574408453541655
4 216 9.479452643962526
4 92 10.519034447220589
5 205 15.81820427577946
5 183 10.11105430729782
5 147 36.63987884187405
6 209 2.5919804956360264
6 180 4.491816769171866
6 170 10.520647949175407
7 15 2.9210554157486324
7 180 10.385238699383157
7 287 18.933815405432565
8 121 2.7949189335686353
8 122 4.192177911054822
8 93 3.8690947300364025
9 91 12.574758792970524
9 110 4.044922176936222
9 121 2.6627796700109228
10 178 3.753672159879427
10 170 5.5616567103825405
10 0 8.226880186678072
11 12 6.419424210991008
11 241 5.364970706359087
11 276 4.5824602765576
12 11 6.419424210991008
12 13 3.782621810947341
12 209 6.732761206733827
13 12 3.782621810947341
13 14 2.6595259242108127
13 201 22.801202934028588
14 13 2.6595259242108127
14 14 7.918566787389096
15 17 3.801462992970592
15 16 4.7516398080137
15 7 2.9210554157486324
16 15 4.7516398080136995
17 15 3.801462992970592
17 19 6.454174627842616
17 18 2.818161733861719
18 17 2.818161733861719
19 17 6.454174627842616
19 20 11.576885548422725
19 30 14.765508319837881
20 23 6.025609146590583
20 21 4.9679362312136615
20 19 11.576885548422727
21 28 2.259722740331433
21 22 10.204629268088455
21 20 4.9679362312136615
22 21 10.204629268088457
23 25 4.638533684364648
23 20 6.025609146590583
23 24 5.065044665432584
24 23 5.065044665432584
25 26 2.287597394648507
25 27 5.808356364925447
25 23 4.638533684364648
26 25 2.287597394648507
27 25 5.808356364925448
28 21 2.259722740331433
28 328 3.6502329568253042
28 29 4.966242300081669
29 327 0.6038046677998594
29 326 0.3473871387272702
29 28 4.966242300081669
30 52 1.9653022448963644
30 31 7.733388855430355
30 19 14.765508319837881
31 33 1.9212886004396843
31 32 3.003217412540875
31 30 7.733388855430354
32 31 3.003217412540875
33 31 1.9212886004396843
33 37 4.406149538280546
33 34 4.849491926033526
34 35 1.8761373464863884
34 33 4.849491926033526
34 36 4.866679362030327
35 34 1.8761373464863884
36 34 4.866679362030327
37 33 4.406149538280546
37 265 3.034778855070436
37 39 2.790826966724396
38 265 0.8465671425612815
39 43 3.889185504129616
39 37 2.790826966724396
39 40 6.60886757693683
40 41 1.8118721687224009
40 42 4.863748802933592
40 39 6.608867576936831
41 40 1.8118721687224009
42 40 4.863748802933592
43 44 5.0050093874796024
43 39 3.889185504129616
43 225 3.6653691947849145
44 2 4.156697631852566
44 43 5.0050093874796024
44 45 2.0360935820943826
45 47 4.607744003910013
45 44 2.0360935820943826
45 46 6.9217793139883765
46 45 6.9217793139883765
47 45 4.607744003910013
48 49 6.229448439710635
48 227 3.393009801349434
48 1 11.298629502003784
49 48 6.229448439710635
50 278 1.1107950249799359
50 51 2.8404034700130163
50 3 6.512672128262476
51 50 2.8404034700130163
52 30 1.9653022448963644
52 54 1.9771158496387373
52 53 1.3155533549353116
53 54 1.4721336206484539
53 52 1.3155533549353116
53 55 6.592395285898698
54 53 1.4721336206484539
54 52 1.9771158496387373
54 181 9.958886441011227
55 56 5.797677626279364
55 57 5.155274375999637
55 53 6.592395285898699
56 55 5.797677626279364
57 58 1.9945180993739096
57 59 2.9838886108608134
57 55 5.155274375999637
58 57 1.9945180993739096
58 58 15.69840798586588
59 57 2.9838886108608134
59 60 6.874183928706217
59 61 10.500108763883265
60 59 6.874183928706218
61 59 10.500108763883269
62 63 7.171806059278463
63 198 1.093845858063198
63 62 7.171806059278463
63 92 5.549614591382677
64 65 2.6593329079669936
64 4 6.574408453541655
64 88 5.184650443395452
65 64 2.6593329079669936
65 194 5.663765264801793
65 84 4.824007725009616
66 194 5.838212577203
66 67 93.2464648731711
66 68 5.86547431508188
67 66 93.24646487317109
68 69 7.023729099663263
68 66 5.86547431508188
68 81 5.887021697929839
69 70 1.9995831798683619
69 79 7.606866059400831
69 68 7.023729099663261
70 72 4.686201081031928
70 71 2.184462648400618
70 69 1.9995831798683619
71 70 2.184462648400618
71 80 5.57053507035505
71 78 11.041852210084471
72 70 4.686201081031928
72 73 4.960538308323894
72 77 4.312090439342868
73 76 7.428759106361328
73 74 2.8136110932430745
73 72 4.960538308323894
74 75 0.491377556598012
74 266 0.6101888081756348
74 73 2.8136110932430745
75 74 0.491377556598012
76 73 7.428759106361328
77 72 4.312090439342868
78 79 20.92027384641838
78 71 11.041852210084473
78 80 7.8721077276887605
79 69 7.606866059400831
79 78 20.92027384641839
79 80 4.788760727715221
80 71 5.57053507035505
80 79 4.788760727715221
80 78 7.87210772768876
81 202 0.8140986988227857
81 68 5.887021697929839
81 82 5.833044090764463
82 83 0.8327590847690552
82 203 2.277772398795179
82 81 5.833044090764463
83 82 0.8327590847690552
84 65 4.824007725009616
84 85 5.120199425310145
84 90 4.953706555968769
85 86 1.3067468877430837
85 84 5.120199425310145
85 87 2.069447979464441
86 85 1.3067468877430837
87 85 2.069447979464441
88 228 0.551714149803059
88 89 4.798553783748331
88 64 5.184650443395452
89 88 4.798553783748331
90 84 4.953706555968769
91 119 8.49559317025515
91 150 3.14946987749981
91 9 12.574758792970522
91 118 6.739352289966913
92 118 23.140669183672387
92 4 10.519034447220587
92 63 5.549614591382677
93 94 1.113631765579143
93 8 3.8690947300364025
93 230 10.952291556231199
94 93 1.113631765579143
94 97 1.3649905815043204
94 95 5.983971501160827
95 96 9.261525320963774
95 94 5.983971501160827
95 107 2.328354667590108
96 101 4.518780588916428
96 95 9.261525320963774
96 226 1.4180131272803624
97 94 1.3649905815043204
97 97 1.7131572460232858
98 99 0.9273142771176852
99 100 0.6257252444947062
99 98 0.9273142771176852
99 101 2.979062771763849
100 99 0.6257252444947062
101 99 2.979062771763849
101 102 9.94292841866438
101 96 4.518780588916428
102 196 4.17487956019256
102 101 9.942928418664382
102 103 0.3658470668575555
103 102 0.3658470668575555
104 105 0.49483574665793
104 106 0.7629368075785676
104 196 2.8843874371278626
105 104 0.49483574665793
106 104 0.7629368075785676
107 108 0.5858477896084374
107 109 0.5640904611755102
107 95 2.328354667590108
108 107 0.5858477896084374
109 107 0.5640904611755102
110 113 8.066116048161305
110 9 4.044922176936222
110 227 21.893014406936377
111 112 4.049565619248991
111 113 9.773688556986993
111 117 11.829096343467619
112 111 4.049565619248991
112 149 4.36085278048555
112 2 21.398550444510587
113 111 9.773688556986993
113 110 8.066116048161303
113 223 3.8657173975887478
114 115 0.7743795403314238
114 223 2.703153168296791
114 116 1.0556649351115324
115 114 0.7743795403314238
116 114 1.0556649351115324
117 118 6.08303464495305
117 111 11.829096343467619
117 198 21.38951026655944
118 91 6.739352289966913
118 92 23.140669183672387
118 117 6.08303464495305
118 120 19.274052411741106
119 91 8.49559317025515
120 118 19.274052411741106
121 142 2.6539045718235417
121 8 2.7949189335686353
121 9 2.6627796700109228
122 123 2.3657699398229743
122 8 4.192177911054822
122 140 4.349906300473693
123 137 2.823257425575339
123 139 2.059130207230643
123 122 2.3657699398229743
124 125 6.186789777001514
124 137 1.7175171959057287
124 130 3.324608577554961
125 126 4.82816348852441
125 124 6.186789777001514
125 131 2.2251604438378654
126 132 1.7776122979300255
126 127 4.11296891159568
126 125 4.82816348852441
127 128 3.4544276325671674
127 126 4.11296891159568
127 133 2.489954023950949
128 129 3.3115748945450445
128 127 3.454427632567167
128 134 5.930520731048577
129 130 2.591874543230845
129 128 3.311574894545045
129 135 4.876233187187954
130 124 3.324608577554961
130 129 2.591874543230845
130 136 4.6605745672167
131 125 2.2251604438378654
132 126 1.7776122979300255
133 127 2.489954023950949
134 128 5.930520731048577
135 129 4.876233187187954
136 130 4.6605745672167
137 123 2.823257425575339
137 124 1.7175171959057287
137 138 4.578821409889186
138 137 4.578821409889186
139 123 2.059130207230643
140 122 4.349906300473693
141 196 1.4927044553649282
142 121 2.6539045718235417
143 230 3.010849894820111
143 145 82.55282313515096
143 199 17.171295548271814
144 145 325.2809358455962
144 183 130.68914864598196
145 144 325.2809358455961
145 143 82.55282313515096
145 146 95.6329698910595
146 145 95.63296989105952
146 214 3.8144548652148846
146 147 2.0576988301944072
147 146 2.0576988301944072
147 5 36.63987884187406
147 148 23.987317995290258
148 324 12.672393000590501
148 147 23.98731799529026
148 216 11.375897370340471
149 220 7.4503420806836775
149 3 6.032143866340267
149 112 4.36085278048555
150 151 0.5658306340043735
150 91 3.14946987749981
150 152 1.0593902003291764
151 150 0.5658306340043735
152 150 1.0593902003291764
153 1 1.7837593743414852
153 197 3.0517793673423976
153 154 6.373070277590152
154 154 13.702389067594407
154 153 6.373070277590152
155 176 0.26204061107498194
156 197 2.3062874625824024
156 0 5.508823822934183
156 157 6.579291406812022
157 175 0.770309030934117
157 174 0.3581067548922766
157 156 6.579291406812022
158 159 4.988533135687126
158 167 6.194248634892135
158 166 3.2568950666500966
159 160 6.995732729384227
159 163 5.821880419779593
159 158 4.988533135687126
160 161 0.8579457764047026
160 162 1.0675410241602383
160 159 6.995732729384225
161 160 0.8579457764047026
162 160 1.0675410241602383
163 331 0.34946894365771114
163 159 5.821880419779593
163 164 4.849181884828716
164 329 0.29311749035785967
164 330 0.32711075835385317
164 163 4.849181884828716
165 204 0.28967408463210664
165 166 56.962973267572416
166 234 4.052165559200723
166 165 56.962973267572394
166 158 3.2568950666500966
167 168 4.877332062386979
167 0 6.590544494444968
167 158 6.194248634892135
168 169 1.8805927353528704
168 212 0.5032230414053227
168 167 4.877332062386979
169 168 1.8805927353528704
170 171 4.179570765891015
170 6 10.520647949175407
170 10 5.561656710382541
171 172 3.225968959991475
171 170 4.179570765891015
171 173 4.752766247130043
172 268 0.4418666173482055
172 269 0.443287967444255
172 171 3.225968959991475
173 270 0.42161245466087716
173 271 0.39392765789737477
173 171 4.752766247130042
174 157 0.3581067548922766
175 157 0.770309030934117
176 155 0.26204061107498194
176 177 0.24848235883960235
176 197 7.3059739004007485
177 176 0.24848235883960235
178 179 2.0812273646045916
178 10 3.753672159879427
178 1 9.64280890401665
179 178 2.0812273646045916
180 6 4.491816769171866
180 325 8.586985450319577
180 7 10.385238699383159
181 278 0.2679354073408734
181 182 11.05032586339622
181 54 9.958886441011225
182 181 11.05032586339622
183 184 6.227173637310433
183 144 130.68914864598193
183 5 10.11105430729782
184 185 1.1360145440714473
184 186 3.2443774562335403
184 183 6.227173637310433
185 184 1.1360145440714473
186 184 3.2443774562335403
187 189 39.961036867216805
187 188 58.808903503562476
187 192 50.13471938412399
188 187 58.808903503562476
189 187 39.961036867216805
189 190 97.78600344583178
189 191 112.00682459873761
190 189 97.78600344583178
191 189 112.00682459873761
192 229 190.89942173885518
192 187 50.13471938412399
192 205 16.93308305735159
193 310 0.8385412368191721
193 311 0.8107519651899487
193 312 3.973713882995501
194 65 5.663765264801793
194 66 5.838212577203
194 195 8.28295321971466
195 194 8.28295321971466
196 141 1.4927044553649282
196 102 4.17487956019256
196 104 2.8843874371278626
197 153 3.0517793673423976
197 156 2.3062874625824024
197 176 7.3059739004007485
198 63 1.093845858063198
198 117 21.38951026655944
198 3 12.872610002057623
199 200 25.636106746623458
199 143 17.171295548271814
200 199 25.636106746623458
201 13 22.801202934028584
202 81 0.8140986988227857
203 82 2.277772398795179
204 165 0.28967408463210664
205 206 24.45752179447199
205 192 16.93308305735159
205 5 15.818204275779456
206 205 24.45752179447199
207 210 0.6728073370528816
208 210 0.5708351881252831
209 6 2.5919804956360264
209 12 6.732761206733827
209 210 4.872373785902818
210 207 0.6728073370528816
210 208 0.5708351881252831
210 209 4.872373785902818
211 234 6.505974889271246
212 168 0.5032230414053227
213 214 0.9107066804545388
214 213 0.9107066804545388
214 146 3.8144548652148846
214 219 4.988103716043696
215 216 2.0615752041159308
215 217 0.8512408209669012
215 218 1.7749582862446982
216 215 2.0615752041159308
216 148 11.375897370340471
216 4 9.479452643962526
217 215 0.8512408209669012
218 215 1.7749582862446982
219 214 4.988103716043697
220 149 7.4503420806836775
221 224 0.480467557968637
221 223 2.1080406409628853
221 222 0.9592353186086803
222 221 0.9592353186086803
223 114 2.703153168296791
223 113 3.8657173975887478
223 221 2.1080406409628853
224 221 0.480467557968637
225 43 3.6653691947849145
226 96 1.4180131272803624
227 2 3.254700572150709
227 110 21.89301440693637
227 48 3.393009801349434
228 88 0.551714149803059
229 192 190.89942173885515
230 143 3.010849894820111
230 232 20.033626205256947
230 93 10.952291556231197
231 232 0.8145829824311083
232 231 0.8145829824311083
232 233 0.5215031201943908
232 230 20.033626205256947
233 232 0.5215031201943908
234 166 4.052165559200723
234 267 0.5543729862174067
234 211 6.505974889271246
235 240 2.2233462026906214
236 240 2.124863940538277
237 238 0.28606987783193155
237 239 3.651158429035723
238 237 0.28606987783193155
239 237 3.651158429035723
239 240 5.2853651138943905
240 235 2.2233462026906214
240 236 2.124863940538277
240 239 5.2853651138943905
240 241 0.9127304244720043
241 248 5.503636361512452
241 11 5.364970706359087
241 240 0.9127304244720043
242 243 4.087380472379251
242 263 0.4762603060668082
242 262 2.7586364545932356
243 242 4.087380472379251
243 255 5.075734098545014
243 246 2.21078953384723
244 250 5.7610069423253965
244 246 6.678602376908418
244 253 3.820945400514416
245 247 1.9649077768484573
246 243 2.21078953384723
246 244 6.678602376908418
246 247 3.9769229682278224
247 245 1.9649077768484573
247 246 3.9769229682278224
247 248 11.542351293607789
248 241 5.503636361512453
248 247 11.542351293607789
249 290 6.967262583673165
250 290 6.652423591950147
250 244 5.7610069423253965
250 291 1.9855084405992796
251 253 0.7489824830386107
252 253 0.43018640638238764
253 251 0.7489824830386107
253 252 0.43018640638238764
253 244 3.820945400514416
254 255 3.9808618072704416
255 243 5.075734098545014
255 305 3.4905742096365238
255 254 3.980861807270441
256 257 0.9106869708810874
257 256 0.9106869708810874
257 279 1.1298590994066586
257 260 3.00308549697075
258 288 5.025837719181292
258 259 3.878393610975291
258 306 4.216887682459735
259 258 3.878393610975291
259 260 4.395167123661306
259 306 7.784302343691059
260 304 0.17334565452547185
260 259 4.395167123661306
260 257 3.00308549697075
261 287 13.142362497676872
261 295 2.5236938221777425
261 304 12.768319550502984
262 242 2.7586364545932356
263 242 0.4762603060668082
264 265 0.45910761424868823
265 38 0.8465671425612815
265 37 3.034778855070436
265 264 0.45910761424868823
266 74 0.6101888081756348
267 234 0.5543729862174067
268 172 0.4418666173482055
269 172 0.443287967444255
270 173 0.42161245466087716
271 173 0.39392765789737477
272 274 1.2978799004349941
273 274 0.28358079567269495
274 272 1.2978799004349941
274 273 0.28358079567269495
274 276 4.223087922860685
275 276 0.5020663719120438
276 275 0.5020663719120438
276 274 4.223087922860685
276 11 4.5824602765576
277 278 2.6709028768195835
278 181 0.2679354073408734
278 50 1.1107950249799359
278 277 2.6709028768195835
279 257 1.1298590994066586
280 297 1.9976455321152913
280 282 5.341984324928056
280 322 3.5805417185147315
281 282 1.8580123474994246
282 280 5.341984324928056
282 281 1.8580123474994246
282 283 3.7713277333061406
283 292 0.8330740340263902
283 282 3.7713277333061406
283 294 2.2541017085440616
284 304 4.45752506938439
284 298 9.599541031939081
284 292 3.2456068510046236
285 309 2.217191528231385
286 288 0.20349629561643748
286 303 2.370692931005593
286 309 4.280054129014728
287 7 18.933815405432565
287 261 13.142362497676869
287 288 11.456044638273367
288 286 0.20349629561643748
288 258 5.025837719181292
288 287 11.456044638273369
289 290 3.5464637994497887
290 249 6.967262583673165
290 250 6.652423591950147
290 289 3.5464637994497887
291 250 1.9855084405992796
292 283 0.8330740340263902
292 284 3.2456068510046236
292 293 3.5282052428294777
293 292 3.5282052428294777
294 283 2.2541017085440616
295 261 2.5236938221777425
295 312 6.537285729829651
296 323 7.334998358222253
296 312 4.622374988953733
296 313 3.178357506236111
297 280 1.9976455321152913
298 284 9.599541031939077
299 302 0.3355223946848218
300 301 3.603114923517362
300 319 2.8441485681512106
300 320 1.4276642011844536
301 300 3.603114923517362
301 321 4.777159490938743
301 302 3.5294543281170445
302 299 0.3355223946848218
302 301 3.529454328117045
302 303 2.3716384321653123
303 302 2.3716384321653123
303 286 2.370692931005593
303 314 4.1217266846739875
304 260 0.17334565452547185
304 261 12.768319550502984
304 284 4.45752506938439
305 255 3.4905742096365238
306 258 4.216887682459735
306 259 7.784302343691059
306 307 1.7810784449539825
307 306 1.7810784449539825
308 309 0.8180048205855783
309 308 0.8180048205855783
309 285 2.217191528231385
309 286 4.280054129014728
310 193 0.8385412368191721
311 193 0.8107519651899487
312 295 6.53728572982965
312 296 4.622374988953733
312 193 3.973713882995501
313 296 3.178357506236111
314 303 4.1217266846739875
315 317 0.8335637420049711
316 317 0.7578360654406512
317 315 0.8335637420049711
317 316 0.7578360654406512
317 321 3.7238453434335193
318 321 4.234194606415843
319 300 2.8441485681512106
320 300 1.4276642011844536
321 301 4.777159490938743
321 317 3.7238453434335193
321 318 4.234194606415843
322 280 3.5805417185147315
323 296 7.3349983582222515
324 148 12.672393000590501
325 180 8.586985450319577
326 29 0.3473871387272702
327 29 0.6038046677998594
328 28 3.6502329568253042
329 164 0.29311749035785967
330 164 0.32711075835385317
331 163 0.34946894365771114
