0 860 0.6567399735915073
0 859 1.6492434514240986
1 37 0.18038304069028938
2 858 1.7163198630775092
2 38 0.8286151488173654
3 861 1.6775136260723018
3 706 0.6674054831255122
4 705 0.6348358538911256
4 863 1.4626100755416909
5 350 0.24886854251031984
6 870 0.3444946739736419
7 8 0.3620203514791179
8 868 0.8202808752823132
8 867 2.720686689536715
9 703 1.3629226779946086
10 4 0.5086787127734458
11 35 0.818764971424077
11 864 1.4304554423657123
12 981 1.3104140053127595
12 708 21.21827436870791
13 657 4.300181634453625
13 465 7.140572348609661
13 41 16.811910824077067
14 956 0.8595412627054663
14 412 30.7135812154634
14 23 6.992038699619382
15 1005 1.7685430522801686
15 17 2.4333741452085587
16 15 3.0685669915895213
16 924 28.346403329895416
17 16 3.157077042220231
17 1077 15.648976630279481
18 929 66.68555847258327
18 1262 12.523572745714505
19 960 22.22229003610884
19 441 0.6803549405391521
20 57 4.244759709340048
20 909 13.447896871408084
20 54 14.03041968026308
21 691 6.647998759041197
21 1005 7.6911052705293095
21 474 10.992038090546817
22 689 31.486446330781458
22 55 38.86397222832863
23 53 5.367400042450186
23 414 24.599932391699546
23 14 6.992038699619382
24 1321 30.539109821967727
24 1345 12.723107989484307
24 1324 7.72639198670561
25 109 79.12900734116162
25 30 4.337461485163257
26 109 4.6234119106477936
26 27 15.925312062762474
26 98 6.0342256574553215
27 26 15.925312062762474
27 28 19.3570874938709
27 1083 9.729459065190694
27 99 21.613553235118314
28 445 1.7260112311097517
28 29 36.666479615823214
28 27 19.3570874938709
29 95 11.29256114286037
29 28 36.66647961582321
30 2 0.48347837702067986
31 32 82.4347964021512
31 1337 3.593512967342287
32 876 3.1619481602798842
32 877 2.934972368303692
32 31 82.43479640215118
33 983 9.410959646914172
33 954 1.6032570751143818
34 40 0.4203999861022306
35 3 0.5890487688252
36 1 0.8370435488355935
36 857 2.001358466864412
37 25 4.299764819347899
37 30 0.8950905627443161
38 0 0.21755491012170566
39 34 1.1537444954025347
39 78 2.2466868572611713
40 954 0.9295043421595247
40 33 1.8207186235882407
41 663 4.742497147308171
41 660 15.926026082566286
41 13 16.811910824077067
42 63 12.51094695353306
42 464 5.5185607983533576
42 43 13.620229177073675
43 1333 5.500981397435554
43 44 17.888621010702412
43 42 13.620229177073677
44 1271 6.893893522676851
44 461 8.742300287385577
44 43 17.88862101070241
45 455 9.13141921887307
45 930 6.860513501821048
45 457 7.179968026640167
46 85 5.421587622719731
46 47 23.164324057379837
46 55 9.31728348452329
47 46 23.164324057379837
47 909 7.038481225728604
47 80 9.246345545538189
48 438 13.542463486275826
48 49 11.300385586274817
48 445 17.080092188388853
49 184 2.3040979812035727
49 437 6.339758077812964
49 48 11.300385586274817
50 958 1.6568683327885314
50 434 7.6357535320791765
51 434 2.1153892544924364
51 978 13.383233151802973
52 87 6.434155168571469
53 23 5.367400042450186
53 896 8.87711441619547
54 84 7.961045807794625
54 20 14.030419680263078
54 963 1.0386674105082916
55 52 17.499579195125552
55 46 9.31728348452329
56 999 0.599948974026803
56 57 8.97981074069922
56 1273 0.5265244916511465
57 20 4.244759709340048
57 56 8.97981074069922
57 1078 9.186352993827434
58 690 1.759194267089444
58 53 20.2499445115116
59 462 1.9502570371984707
60 638 3.169851271100336
60 1150 2.375319356364179
60 462 4.746335411096792
61 1150 1.3669703827793036
61 466 56.99570478579018
61 62 10.820041968813346
62 61 10.820041968813346
62 63 49.391635450961225
62 631 11.54808722556874
63 62 49.391635450961225
63 42 12.510946953533061
63 609 4.82840730630074
64 68 68.8023746930533
64 748 1.9790541169054578
65 825 2.510320966644806
65 820 4.44333744319875
65 827 41.679444515206214
66 822 3.641360224794408
66 824 1.746776169912189
67 68 116.97582433794607
67 1160 19.818651340405786
67 842 12.313018218836982
68 447 2.7181700647972935
68 64 68.80237469305328
68 67 116.97582433794605
69 70 208.72088218926797
69 1177 22.156703398326016
69 855 7.9652750043298255
70 69 208.72088218926797
71 72 113.2092591252593
71 849 34.38191492869171
72 71 113.20925912525932
73 6 1.005786080298606
74 76 18.026383671554317
74 1212 3.955446788705171
74 964 12.910684051890794
75 981 6.560961397196315
76 74 18.026383671554314
77 84 2.751837165854573
77 83 9.17337539600844
77 78 1.712148309407654
78 79 11.828681714904437
78 34 2.3161802571578223
78 77 1.712148309407654
79 80 29.784423440030743
79 82 6.32094455751281
79 78 11.828681714904437
80 79 29.784423440030736
80 81 4.416643840782337
80 47 9.246345545538189
81 80 4.416643840782337
82 909 0.8966933222072785
82 79 6.32094455751281
82 83 3.1673170655303955
83 77 9.17337539600844
83 84 8.130726977837329
83 82 3.1673170655303955
84 77 2.751837165854573
84 54 7.961045807794625
84 83 8.130726977837329
85 96 4.402583723500819
85 95 19.091093301886755
85 46 5.421587622719731
86 29 13.67229337451975
86 51 9.83694442821695
87 89 5.627161257094606
87 86 3.2191591559300603
88 978 1.1462669183852954
88 336 8.725302066206178
88 835 16.454680671025347
89 87 5.627161257094606
90 94 1.9949277649983033
90 91 2.3658150988821918
90 95 9.9426562903726
91 92 1.4557059497377565
91 90 2.3658150988821918
91 93 1.0346257976709632
92 91 1.4557059497377565
93 91 1.0346257976709632
94 90 1.9949277649983033
95 85 19.091093301886758
95 29 11.29256114286037
95 90 9.942656290372598
96 1206 0.6688670220740911
96 85 4.402583723500819
96 911 4.4076812436012505
97 1206 0.7636127763735806
98 26 6.0342256574553215
99 181 2.1684840691601357
99 100 4.876490713683906
99 27 21.61355323511831
100 103 1.6032381316509803
100 101 14.535981855661774
100 99 4.876490713683906
101 138 6.735408317907562
101 112 13.929041736791772
101 100 14.535981855661774
102 103 4.5228341431867305
103 107 3.403432903489717
103 100 1.6032381316509803
103 102 4.5228341431867305
103 104 7.788997944941114
104 103 7.788997944941114
105 106 6.038839873735983
106 105 6.038839873735983
106 898 2.0746087390197285
106 108 3.324502459065008
107 898 1.226559765945328
107 103 3.403432903489717
107 897 1.6398322872804634
108 106 3.324502459065008
109 26 4.6234119106477936
109 111 1.6660613695105808
109 25 79.12900734116164
110 897 7.560968038276355
111 109 1.6660613695105808
112 113 8.231770718480615
112 864 4.606593889405029
112 101 13.929041736791772
113 114 4.7287804823381485
113 112 8.231770718480615
113 120 4.237270132971267
114 115 7.022863261331394
114 113 4.7287804823381485
114 118 6.146211515922514
115 116 6.26179744239696
115 114 7.022863261331394
115 122 4.604090175518472
116 117 5.961373021697781
116 115 6.26179744239696
116 125 5.597207500601262
117 707 3.6384569894483914
117 116 5.961373021697781
117 871 5.842143690780298
118 1069 2.01428940718392
118 119 5.022121158265025
118 114 6.146211515922514
119 118 5.022121158265025
120 121 1.6679779444167595
120 1203 3.4566918610091597
120 113 4.237270132971267
121 120 1.6679779444167595
121 931 3.7784460741844326
121 932 0.6431222075325396
122 123 1.4050520214804565
122 115 4.604090175518471
122 124 4.248969900754498
123 122 1.4050520214804565
124 122 4.248969900754498
125 127 1.9913253383350347
125 116 5.597207500601262
125 1096 2.2162248044650497
126 127 1.0675476708581704
127 125 1.9913253383350347
127 1095 1.0550066099144253
127 126 1.0675476708581704
128 1096 0.7967323268522716
129 130 2.5099488275093735
129 132 3.882049672007672
129 131 2.799962304188573
130 129 2.5099488275093735
131 129 2.799962304188573
132 129 3.882049672007672
132 133 3.288055098664079
132 707 11.125850340223412
133 132 3.288055098664079
134 1041 2.5093695280268498
134 442 2.455235257754664
134 281 4.477996997224133
135 901 1.067063872588424
135 899 9.46566173420012
135 172 7.3305191107646905
136 444 0.6342906462993919
136 138 2.284464034033785
136 137 3.8453519361832718
137 136 3.8453519361832718
138 136 2.2844640340337854
138 101 6.735408317907562
138 319 3.0448703790513525
139 140 2.6571701848204246
140 173 10.032628725389271
140 141 7.312979796612036
140 139 2.6571701848204246
141 143 4.35671730595629
141 140 7.312979796612036
141 142 4.71680201402042
142 904 0.7965528541841064
142 903 0.9128338004752955
142 141 4.71680201402042
143 141 4.35671730595629
143 181 5.597076003403902
143 144 5.025202410149409
144 143 5.025202410149409
144 145 6.429972340273158
144 905 3.8640839673681158
145 144 6.429972340273158
146 905 5.038726224105894
147 148 1.8637787808259805
148 147 1.8637787808259805
148 149 5.6077015179736875
148 150 7.6902372193664466
149 148 5.607701517973687
150 445 2.17928193989925
150 151 9.107145039458127
150 148 7.6902372193664466
151 150 9.107145039458127
152 154 3.5531045987918413
152 156 10.10227322289529
152 168 10.103081798272605
153 154 6.122086702907477
153 160 4.85861286022054
153 177 24.003529504267725
154 152 3.5531045987918413
154 153 6.122086702907477
154 318 6.359042510021298
155 156 1.308198119300147
156 155 1.308198119300147
156 157 5.267580829622266
156 152 10.10227322289529
157 933 1.0151017599704826
157 158 0.7948813336384705
157 156 5.267580829622266
158 157 0.7948813336384705
159 271 16.007449491468467
159 161 5.618620665271699
159 160 19.64104987263447
160 216 10.612013297585177
160 153 4.85861286022054
160 159 19.64104987263447
161 162 8.091721276437314
161 163 7.45210766338554
161 159 5.618620665271699
162 161 8.091721276437314
162 442 7.521921182455154
162 169 5.438052009752269
163 167 9.083490214227064
163 161 7.452107663385539
163 164 6.450047996585047
164 165 3.037922239838703
164 166 6.921759587712416
164 163 6.450047996585047
165 164 3.037922239838703
166 164 6.921759587712418
167 163 9.083490214227064
168 152 10.103081798272605
169 171 2.428403031072447
169 170 2.2809018685208327
169 162 5.438052009752269
170 1097 2.901819988843121
170 172 7.177240462034964
170 169 2.2809018685208327
171 169 2.428403031072447
172 135 7.3305191107646905
172 173 4.861401358716486
172 170 7.177240462034964
173 1098 1.3626230833256603
173 140 10.032628725389273
173 172 4.861401358716486
174 1093 0.5052883652207484
175 1093 2.0303827050378405
176 1203 1.390907902739551
177 180 7.009830231641662
177 153 24.003529504267725
177 178 14.338759377300267
178 179 2.8481347102374652
178 187 5.319098348336508
178 186 3.347769493043972
178 177 14.338759377300267
179 178 2.8481347102374652
180 177 7.009830231641664
181 183 4.494165062497822
181 99 2.1684840691601357
181 143 5.597076003403902
181 182 7.479446831211548
182 181 7.479446831211548
183 181 4.494165062497822
184 436 4.468066391899481
184 49 2.3040979812035727
184 958 9.520695892695112
185 186 9.431361666264092
185 955 1.4491931140606071
185 435 5.121468525538652
186 178 3.347769493043972
186 185 9.431361666264092
186 982 11.258593133981615
187 188 7.419684284099376
187 178 5.319098348336508
187 431 13.816543773001417
188 187 7.419684284099376
188 189 8.86702200931453
188 431 10.995100702473206
189 214 7.793752092835209
189 190 14.763840301368784
189 188 8.86702200931453
190 1205 16.30847610019141
190 189 14.763840301368784
190 191 9.83416162820918
190 193 9.619646543659389
191 190 9.834161628209182
192 1205 1.3000820110328206
193 334 5.724336322551044
193 190 9.619646543659389
193 196 7.969112244035079
194 195 1.6076894682638332
195 194 1.6076894682638332
195 214 9.622926267541981
195 196 3.460025372931764
196 193 7.969112244035081
196 195 3.460025372931764
196 197 7.777844948858895
196 335 9.776476798030187
197 196 7.777844948858895
197 213 13.593203018247983
197 198 6.657332783244067
198 210 6.410772052369763
198 197 6.657332783244067
198 199 5.413353014948665
199 335 9.826564335603548
199 198 5.413353014948665
199 200 4.408509049708862
200 201 11.88900296072787
200 209 10.464938603656835
200 199 4.408509049708862
201 202 7.770611226312687
201 200 11.88900296072787
201 431 10.396551428710568
202 203 2.7961461771861056
202 201 7.770611226312687
202 204 8.602556967995797
203 202 2.7961461771861056
204 433 3.3941857953840864
204 205 1.787324918821219
204 202 8.602556967995797
205 204 1.787324918821219
205 206 9.286959411035966
205 336 19.427773143783135
206 207 1.0971775033025746
206 205 9.286959411035966
206 1044 6.8732655742740425
207 206 1.0971775033025746
208 418 1.882357585745024
208 209 6.81715698893048
208 417 8.864354381914696
209 200 10.464938603656835
209 208 6.81715698893048
209 406 5.33058672442312
210 198 6.410772052369763
210 211 3.9247082285304886
210 212 4.355221597810439
211 210 3.9247082285304886
212 210 4.355221597810439
213 334 6.5370174206685325
213 295 6.9897208565116955
213 197 13.593203018247983
214 189 7.793752092835209
214 335 3.84048933954562
214 195 9.622926267541981
215 221 1.6578495450731943
215 216 2.936185420753989
215 317 4.655131120738256
216 160 10.612013297585177
216 215 2.936185420753989
216 217 3.496846985975971
217 216 3.496846985975971
217 218 1.4063484796894876
217 316 2.3475346726863076
218 217 1.4063484796894876
218 219 1.801311833265074
218 224 14.139940773526703
219 218 1.801311833265074
219 220 6.413595966652675
219 223 2.587934797786058
220 219 6.413595966652675
220 221 1.5911192582988412
220 222 5.9060987708232595
221 220 1.5911192582988412
221 215 1.6578495450731943
221 226 7.960522680043233
222 220 5.9060987708232595
223 219 2.587934797786058
224 1249 0.3853939614355613
224 225 0.27193288246247205
224 218 14.139940773526707
225 224 0.27193288246247205
226 221 7.960522680043233
227 228 5.139411821171865
228 229 4.915294222100642
228 259 4.989019890738099
228 227 5.139411821171865
229 230 6.012840597869959
229 228 4.915294222100642
229 912 7.800523292031501
230 242 1.4412567964795358
230 229 6.012840597869959
230 231 2.1983191198998218
231 232 1.3993017355263049
231 233 2.594259382570072
231 230 2.1983191198998218
232 231 1.3993017355263049
233 231 2.594259382570072
234 1042 4.99368486482106
234 242 4.777714295624963
234 235 4.235187825069335
235 234 4.235187825069335
236 1037 0.22682175180886027
236 1042 1.8220697657984892
236 237 2.178546785609792
237 236 2.178546785609792
238 913 2.1806651414901794
238 240 8.491375411342947
238 239 2.8708032677581223
239 238 2.8708032677581223
239 1037 8.63457862064401
239 1039 2.2874792856458797
240 238 8.491375411342949
240 288 5.879528433216009
240 241 6.794299538030219
241 243 6.825509053394143
241 240 6.79429953803022
241 242 5.986955238522752
242 230 1.4412567964795358
242 234 4.777714295624963
242 241 5.986955238522752
243 241 6.825509053394143
243 1066 1.7349206385872293
243 1065 1.6870811591366621
244 1065 4.449433707961268
244 245 3.198033988693649
244 246 7.263283975365517
245 244 3.198033988693649
245 1250 0.4454222845115088
245 1251 0.29343092916714114
246 247 1.1695183975955252
246 244 7.263283975365517
246 895 5.247239828075385
247 246 1.1695183975955252
247 252 11.206568305236463
247 248 3.3103658035801162
248 250 6.5619880123293886
248 249 2.2552477132155695
248 247 3.3103658035801162
249 248 2.2552477132155695
250 248 6.5619880123293886
250 251 1.113558818472064
250 252 3.0127787820853222
251 250 1.113558818472064
252 253 1.8691674588654217
252 250 3.0127787820853222
252 247 11.206568305236459
253 252 1.8691674588654217
253 254 3.1295608143266356
253 1102 3.473980727096831
254 256 3.449164894731789
254 253 3.1295608143266356
254 255 0.9830808620118342
255 258 2.3367264518474347
255 257 2.2522301855122784
255 254 0.9830808620118342
256 254 3.449164894731789
257 255 2.2522301855122784
258 255 2.3367264518474347
258 1066 2.850340436339218
258 1043 3.1177906678544995
259 1106 1.7409971197563852
259 322 3.161476969451768
259 228 4.989019890738099
260 1106 3.6790926155855583
260 271 5.823704767557512
260 261 6.776411188942204
261 1110 6.354815368770309
261 1089 4.232824594139816
261 260 6.776411188942204
262 263 4.233316441942471
263 262 4.233316441942471
263 264 4.7283565911428935
263 966 6.582819416716872
264 263 4.7283565911428935
264 1108 5.309764241467319
264 1090 1.7980613947662227
265 269 9.423988547580384
265 1089 3.3572306853393026
265 266 3.486176822960678
266 267 3.2936663451840436
266 265 3.486176822960678
266 268 2.8080674640514505
267 266 3.2936663451840436
268 266 2.8080674640514505
269 270 4.160391615375678
269 265 9.423988547580384
270 966 6.933256993278223
270 269 4.160391615375678
271 272 3.876339535911681
271 260 5.823704767557513
271 159 16.007449491468467
272 271 3.876339535911681
272 320 3.0908673036452745
272 273 2.5816136299850294
273 275 2.932325528597437
273 272 2.5816136299850294
273 274 4.499004804583413
274 273 4.499004804583413
275 276 2.3899606445126653
275 273 2.932325528597437
275 277 10.480024216072415
276 275 2.3899606445126653
277 275 10.480024216072415
278 279 6.242894593327341
279 281 3.799697148041657
279 278 6.24289459332734
279 280 3.260172615937588
280 279 3.260172615937588
281 282 4.364549302645765
281 279 3.799697148041657
281 134 4.477996997224133
282 281 4.364549302645765
282 283 4.433142021132432
282 286 8.414241975605869
283 282 4.433142021132432
283 285 1.7349451624693746
283 284 3.115736109975176
284 283 3.115736109975176
285 283 1.7349451624693746
286 287 2.0356478950736654
286 321 2.186994183814448
286 282 8.414241975605869
287 286 2.0356478950736654
288 843 10.578620628858875
288 289 7.854140104552623
288 240 5.879528433216009
289 333 5.494614945908191
289 312 6.125944396929567
289 288 7.854140104552623
290 291 6.85251211990387
290 1046 4.127876810324138
290 1047 2.686900655002443
291 292 5.126999089204924
291 290 6.85251211990387
291 934 2.796778627581488
292 293 5.0826425495193535
292 291 5.126999089204924
292 298 1.5496784675272826
293 292 5.0826425495193535
293 294 8.847370919825256
293 296 4.9557246353480915
294 293 8.847370919825256
294 307 5.781623734271019
294 295 5.769826088184071
295 356 7.353415671472745
295 294 5.769826088184071
295 213 6.9897208565116955
296 293 4.9557246353480915
296 1035 2.487396390904788
296 1127 4.028080929502158
297 1127 0.8464796383666424
298 299 4.2000244307080905
298 309 3.8877599549474544
298 292 1.5496784675272826
299 298 4.2000244307080905
299 1125 3.1816390237596996
299 310 12.103138429835044
300 301 1.6569697088373696
300 1125 0.43973585462516956
300 302 2.7299757087411702
301 300 1.6569697088373696
302 300 2.7299757087411702
303 304 0.9739784950124778
303 310 4.925704208992428
303 1125 9.297683974944134
304 303 0.9739784950124778
305 306 5.026318506294084
305 908 6.968095778547179
305 307 17.280126613329653
306 305 5.026318506294084
307 968 7.146330452414106
307 305 17.280126613329656
307 294 5.781623734271018
308 353 4.153611188358889
308 360 6.881555377430358
308 968 6.636617299478274
309 298 3.8877599549474544
310 299 12.103138429835044
310 303 4.925704208992428
310 311 4.5739684954580015
311 310 4.5739684954580015
312 332 5.221143732520043
312 313 8.162933881263745
312 289 6.125944396929567
313 934 2.8220104965016004
313 314 2.84299899653391
313 312 8.162933881263745
314 313 2.84299899653391
315 934 2.379972002935924
316 217 2.3475346726863076
317 215 4.655131120738256
318 154 6.359042510021298
319 138 3.0448703790513525
320 272 3.0908673036452745
321 286 2.186994183814448
322 259 3.161476969451768
323 331 1.4827608966737837
324 331 3.816368103958921
324 843 6.7460859663729025
324 325 9.729484767263099
325 326 1.8357845931504486
325 329 2.838261620747311
325 324 9.729484767263099
325 332 4.7571021117193295
326 325 1.8357845931504486
326 328 1.9992507501397818
326 327 1.8666001793610665
327 326 1.8666001793610665
328 326 1.9992507501397818
329 325 2.838261620747311
329 331 13.873137450638366
329 330 2.114385505253103
330 329 2.114385505253103
331 324 3.816368103958921
331 323 1.4827608966737837
331 329 13.873137450638366
332 843 4.790053655841827
332 325 4.7571021117193295
332 312 5.2211437325200425
333 289 5.494614945908191
334 193 5.724336322551044
334 213 6.537017420668533
334 997 4.322607629949892
335 214 3.84048933954562
335 199 9.826564335603548
335 196 9.776476798030187
336 414 5.661150544038338
336 88 8.725302066206178
336 205 19.427773143783135
337 378 2.8713558271226876
337 383 2.444832594313089
337 377 6.228426742810515
338 339 9.701501922844464
338 361 9.084285785652353
338 1257 4.7886684709430964
339 338 9.701501922844466
339 340 1.4618545021936293
339 1131 5.047779942799169
340 375 2.5511503334627212
340 892 4.165411958575171
340 339 1.4618545021936293
341 342 1.8527132702722169
341 892 2.3724622980006993
341 343 7.790658153792595
342 341 1.8527132702722169
343 344 1.0130690513170841
343 341 7.790658153792594
343 345 2.355169212881011
344 343 1.0130690513170841
345 1258 0.41487365195205583
345 343 2.355169212881011
345 346 1.5310606789853651
346 345 1.5310606789853651
347 1257 2.5547848983930375
348 374 5.022898475919745
348 364 6.08714586682227
348 990 2.672160825940808
349 5 0.9113480103822553
349 865 2.0740066262671175
350 6 0.9591879758300123
350 73 1.21341019736137
351 887 1.3551764493647889
351 1224 2.4017397066554493
352 890 1.6549356021508712
352 1226 2.3953564907235503
353 308 4.153611188358889
353 894 1.841194073368405
353 354 3.3659417561293696
354 353 3.3659417561293696
355 894 2.3178747682543572
356 384 7.853668372761362
356 295 7.353415671472744
356 1040 4.230032791116662
357 989 3.2160593949560496
357 1254 0.5078528779877294
357 363 7.094781148886479
358 988 0.753809379726879
359 1123 0.45459138373973595
360 378 3.7736438094641134
360 361 7.033041770421434
360 308 6.881555377430358
361 338 9.084285785652352
361 360 7.033041770421434
361 1124 4.6282355620067905
362 363 5.282639692591743
362 892 5.10921655258651
362 374 6.3885002879813655
363 362 5.282639692591743
363 364 6.758874414029693
363 357 7.094781148886479
364 365 3.374094548462222
364 363 6.758874414029692
364 348 6.08714586682227
365 1224 1.6562925989590411
365 364 3.374094548462222
365 366 5.049298494765762
366 368 4.493676497096609
366 365 5.049298494765762
366 367 2.6338013873103603
367 939 4.07137510043422
367 366 2.6338013873103603
367 371 3.9123095387880884
368 366 4.49367649709661
368 370 6.181997884627149
368 369 5.029796435419336
369 368 5.029796435419336
370 368 6.181997884627149
371 367 3.9123095387880884
372 886 3.028423152459561
372 391 22.07242976318774
373 475 27.756724935675805
373 1225 4.635738907104552
373 893 7.087269082606755
374 348 5.022898475919745
374 1132 2.790274192968344
374 362 6.3885002879813655
375 340 2.5511503334627212
375 988 3.55542483620548
375 376 1.5953443910199878
376 375 1.5953443910199878
377 1257 9.126797015956353
377 337 6.228426742810515
377 994 1.9640912001304784
378 337 2.8713558271226876
378 360 3.7736438094641134
378 379 4.344902047209459
379 380 1.3046701665091402
379 378 4.344902047209459
379 381 5.3341319977237545
380 379 1.3046701665091402
381 379 5.3341319977237545
382 989 2.9160404995132523
383 337 2.444832594313089
384 385 1.438375707160097
384 356 7.853668372761362
384 387 4.322998910230893
385 384 1.438375707160097
385 386 4.534284217589381
385 992 3.818693050831139
386 385 4.534284217589381
387 384 4.322998910230893
387 402 8.863304601640953
387 950 5.017764932262109
388 995 1.4325687083208947
389 419 6.421963927837012
390 391 8.314111851386887
390 419 4.658004323159642
390 996 8.123728998563378
391 372 22.07242976318774
391 397 12.934023341102105
391 390 8.314111851386887
392 396 7.332518847041361
393 937 1.4667351863107054
394 995 1.1812221572409705
394 399 5.050933357951573
394 937 3.481996870069653
395 396 7.114510700454881
395 399 4.160164143353419
395 398 5.318093326312849
396 397 5.530289751545018
396 395 7.114510700454881
396 392 7.332518847041361
397 391 12.934023341102103
397 416 20.403209732856848
397 396 5.530289751545016
398 935 1.0042112506772625
398 936 0.9252539465098584
398 395 5.318093326312848
399 400 4.184009249845595
399 395 4.16016414335342
399 394 5.050933357951574
400 399 4.184009249845595
400 408 5.066164060806139
400 401 3.6855065154044673
401 400 3.6855065154044673
402 387 8.863304601640953
402 419 23.803557834902637
402 403 2.491865094707059
403 404 3.082210867235741
403 405 4.8374708315518475
403 402 2.491865094707059
404 403 3.082210867235741
405 403 4.837470831551846
406 408 2.6254426631457406
406 209 5.330586724423121
406 409 1.5559655473773593
407 1247 0.48520269549951855
408 400 5.0661640608061385
408 406 2.6254426631457406
408 1247 7.616954148190031
409 406 1.5559655473773593
410 411 3.168118948155173
411 410 3.168118948155173
411 416 16.804840691518724
411 412 7.196776399048471
412 14 30.7135812154634
412 413 6.621769072529973
412 411 7.196776399048471
413 415 3.9085373199115576
413 412 6.621769072529973
413 414 12.04692956360027
414 23 24.599932391699546
414 413 12.04692956360027
414 336 5.661150544038338
415 413 3.9085373199115576
416 397 20.403209732856844
416 420 9.16987599196883
416 411 16.804840691518724
417 208 8.864354381914696
418 208 1.882357585745024
419 390 4.658004323159642
419 402 23.803557834902637
419 389 6.421963927837013
420 421 11.278331459930815
420 416 9.169875991968832
420 424 4.689592870460274
421 422 17.16443312639484
421 420 11.278331459930815
421 1192 7.1836124813696065
422 1114 0.94012738350894
422 421 17.164433126394837
422 1113 2.1834924425478976
423 425 0.9422727462581558
423 1192 3.7986170219415123
423 1221 6.934754484384623
424 959 0.579979351888575
424 953 0.5454493642082797
424 420 4.689592870460274
425 423 0.9422727462581558
426 427 0.3935345817924591
427 426 0.3935345817924591
427 510 3.0804496722863517
427 518 4.564489541302032
427 517 4.776698198778619
428 480 10.46416727567649
429 430 1.7457443339688252
430 429 1.7457443339688252
430 530 1.7508938015004818
430 531 6.399022697102695
431 188 10.995100702473207
431 187 13.816543773001417
431 201 10.396551428710568
432 433 3.855471603962627
432 982 0.8260237616532928
432 439 6.751610219883175
433 204 3.3941857953840864
433 432 3.855471603962627
433 440 3.539806227505773
434 51 2.1153892544924364
434 50 7.635753532079175
434 982 19.173300881897877
435 185 5.121468525538652
436 184 4.468066391899481
437 49 6.339758077812964
438 48 13.542463486275826
439 432 6.751610219883175
440 433 3.539806227505773
441 980 1.03890929858907
441 1212 6.804888145339444
442 134 2.455235257754664
442 443 7.335330626204234
442 162 7.521921182455154
443 442 7.335330626204234
444 136 0.6342906462993919
445 150 2.17928193989925
445 28 1.7260112311097517
445 48 17.080092188388857
446 514 3.0061536821559223
447 463 3.548724201675567
447 68 2.7181700647972935
448 1231 5.743184171336007
448 923 7.986167261017816
448 924 6.272474728079107
449 540 4.287818812491405
449 450 4.553829194779026
449 923 4.545231078324816
450 449 4.553829194779026
450 713 10.366297482318037
450 714 15.795916595698777
451 963 1.905120268169098
452 683 6.187995378858003
452 882 3.158030496092865
452 453 7.890035059729074
453 687 2.1901294673859333
453 454 7.7220389447177205
453 452 7.890035059729074
454 685 20.234415526873136
454 930 5.675631547287075
454 453 7.7220389447177205
455 456 0.8497027778428703
455 45 9.13141921887307
455 669 11.538658201912929
456 455 0.8497027778428703
456 678 6.868538847480892
456 685 8.334635458234633
457 458 1.2367335062043776
457 669 11.341526443890555
457 45 7.179968026640167
458 457 1.2367335062043776
458 670 4.715606262296363
458 459 12.064200587059705
459 460 5.476646309450934
459 642 29.394495958701967
459 458 12.064200587059704
460 459 5.476646309450934
460 461 14.662954751243378
460 654 2.721565988791957
461 460 14.662954751243378
461 44 8.742300287385577
461 647 3.310477433748165
462 59 1.9502570371984707
462 60 4.746335411096792
462 639 4.752277755453367
463 447 3.548724201675567
463 820 133.1875312483966
463 962 122.44283923081923
464 660 5.832371651051243
464 622 25.617155868700618
464 42 5.5185607983533576
465 13 7.140572348609661
465 672 13.854208450293557
465 952 10.923180826901968
466 61 56.9957047857902
466 750 3.3051364136931376
467 1001 9.703051955546064
467 470 20.870279560180553
467 956 8.024907811178856
468 469 11.402872353782183
468 471 3.7978709196852316
468 1353 31.324096409365186
469 468 11.402872353782183
469 535 6.345587291532517
469 883 9.966684591277254
470 547 4.8415486821651195
470 471 3.2077090132623627
470 467 20.870279560180546
471 468 3.7978709196852316
471 470 3.2077090132623627
471 546 5.802777269185175
472 474 1.3401907904139623
472 523 9.104413369268283
472 1011 8.546246375043582
473 883 5.313709633089395
473 536 14.610647240256807
473 1011 6.738244446814945
474 615 13.841032419514109
474 472 1.3401907904139623
474 21 10.992038090546817
475 1280 12.996897671893866
475 373 27.75672493567581
475 509 4.306304883887196
476 1280 17.072960939432775
476 477 3.6016380934016623
477 479 1.3816171649454874
478 984 1.1480261359618082
479 986 1.4256178500472494
479 1188 1.8317068807860346
480 1401 0.47416910389640077
480 428 10.46416727567649
480 487 6.327713060153083
481 483 4.577123415362235
481 487 3.6287988974041308
481 1215 5.767248273041891
482 1215 0.42045616999959196
483 481 4.577123415362235
483 1400 0.9986303649349659
483 492 2.2837712501273133
484 498 8.223088405658464
484 485 6.535046891625142
484 1008 3.5089159741992924
485 484 6.535046891625142
485 486 3.6235053997917315
485 519 11.312052353584043
486 487 4.647741373269936
486 485 3.6235053997917315
486 519 14.602948424308925
487 486 4.647741373269936
487 481 3.6287988974041308
487 480 6.327713060153083
488 489 4.27882576777729
489 490 1.2264397396908981
489 491 4.1463194340923435
489 488 4.27882576777729
490 489 1.2264397396908981
491 526 4.544714074343594
491 489 4.1463194340923435
491 497 0.8917538970882635
492 483 2.2837712501273133
493 524 0.5977013275653681
494 948 5.391451395968669
494 495 5.0388626705918345
494 498 3.7890348804246154
495 504 3.8762659040709484
495 943 3.9583126911226914
495 494 5.0388626705918345
496 499 3.680605859875625
496 520 8.427323208610215
496 497 5.876565015718008
497 491 0.8917538970882635
497 521 4.442885804508899
497 496 5.876565015718008
498 499 3.6086101738819703
498 484 8.223088405658464
498 494 3.7890348804246154
499 522 2.861202622563426
499 496 3.680605859875625
499 498 3.6086101738819703
500 504 3.7019317664646105
500 502 2.449829026929661
500 510 8.595229133223462
501 516 0.9371845995530793
502 500 2.449829026929661
503 516 1.415092082350873
503 504 2.5509018458419197
503 506 2.7156346549665016
504 503 2.5509018458419197
504 500 3.7019317664646105
504 495 3.8762659040709484
505 516 1.1491962556696622
506 503 2.7156346549665016
507 515 2.7035340432107544
507 1223 3.007967795818098
507 513 3.040371142096387
508 1223 4.261386802284539
508 509 10.01908059500595
508 511 5.244366471739279
509 510 1.9522798796664278
509 508 10.019080595005951
509 475 4.306304883887196
510 427 3.0804496722863517
510 509 1.9522798796664278
510 500 8.595229133223462
511 1116 0.809298511785634
511 508 5.24436647173928
511 1119 4.731331024644418
512 514 5.200912260079463
513 1227 0.3778094842689005
513 515 8.619373285098739
513 507 3.040371142096387
514 512 5.2009122600794635
514 515 5.088533601739994
514 446 3.0061536821559223
515 507 2.7035340432107544
515 514 5.088533601739993
515 513 8.619373285098739
516 505 1.1491962556696622
516 503 1.415092082350873
516 501 0.9371845995530793
517 427 4.776698198778619
518 427 4.564489541302032
519 486 14.602948424308924
519 485 11.312052353584045
519 1117 2.6275430188623212
520 496 8.427323208610215
521 497 4.442885804508899
522 499 2.861202622563426
522 522 5.803595753584486
523 524 2.7357203812656463
523 472 9.104413369268286
523 525 2.7811393067473893
524 493 0.5977013275653681
524 523 2.7357203812656463
524 1217 0.5525171055825998
525 1060 1.5147504263391216
525 1061 1.2736402558969198
525 523 2.7811393067473893
526 491 4.544714074343594
526 528 3.596164821926795
526 527 3.2530524386874995
527 526 3.2530524386874995
528 526 3.596164821926795
529 1077 18.931766890465045
529 478 3.80030859675643
530 430 1.7508938015004818
531 537 2.533095476644393
531 430 6.399022697102695
531 534 5.208676002618487
532 1063 1.2501920783888918
532 1064 2.448458937213457
532 537 3.570968280113274
533 1112 1.0058160098828757
533 544 2.032831671292004
533 534 4.005038623787345
534 543 6.3626059773111985
534 533 4.005038623787345
534 531 5.208676002618487
535 538 4.2013292281684205
535 469 6.345587291532518
535 539 2.890585417818749
536 1218 0.3425581790912624
536 1219 0.45853767319479666
536 473 14.610647240256807
537 531 2.533095476644393
537 1121 3.414450428382729
537 532 3.570968280113274
538 1121 0.6846232203723334
538 535 4.2013292281684205
538 1157 5.024840802031254
539 535 2.890585417818749
540 555 3.613737550042582
540 449 4.287818812491405
540 1197 7.76074419925919
541 1197 0.7298278202527397
542 923 11.537332794032405
543 534 6.3626059773111985
544 533 2.032831671292004
545 1244 0.5437700429810154
546 471 5.802777269185175
547 470 4.8415486821651195
548 1238 4.920798492425974
548 551 4.70089601738121
548 554 5.965915034480163
549 1238 0.7904476002673725
550 1201 4.293777313696122
550 1242 7.007435025589338
550 551 5.5015911372443265
551 1240 12.777739855542087
551 550 5.5015911372443265
551 548 4.70089601738121
552 1231 0.7693073104076962
553 1135 1.1237554094923368
554 1136 6.05103444380249
554 548 5.965915034480163
554 555 4.342429061875687
555 540 3.613737550042582
555 1135 8.519849346106664
555 554 4.342429061875687
556 559 9.149920016968727
556 567 16.03947367857576
556 592 9.851466948825792
557 1275 2.343523253498325
557 558 4.030571663307106
557 561 5.3532309559384315
558 557 4.030571663307106
559 556 9.149920016968727
559 571 9.009749687322175
559 1275 6.753674975272015
560 1242 0.7242203290766386
561 557 5.3532309559384315
562 1240 0.6192611958797679
563 1086 0.6504359746298908
564 1086 3.330217145657826
564 573 5.2042835417797955
564 575 12.121227118016037
565 737 2.918138517293389
565 566 5.817376187531657
565 694 9.957950823696123
566 921 11.033233031530951
566 567 5.125455313376695
566 565 5.817376187531657
567 1073 14.439679260968424
567 566 5.125455313376695
567 556 16.03947367857576
568 1136 0.7936483176683183
569 947 0.6347863172355102
570 574 3.814815408103575
571 559 9.009749687322175
571 574 6.164877420321552
571 572 4.162049744838856
572 1278 0.5745108918218712
572 1277 0.44537289451541434
572 571 4.162049744838857
573 574 5.307843446266587
573 594 8.92615685553453
573 564 5.2042835417797955
574 573 5.307843446266587
574 570 3.814815408103575
574 571 6.164877420321552
575 618 7.208264587982622
575 576 7.386538657964269
575 621 6.93814860187927
575 564 12.121227118016037
576 575 7.386538657964269
576 594 16.71453282368877
576 622 13.36569694372752
577 578 5.22059751065899
578 1148 2.512857780983118
578 580 5.5635942386307615
578 577 5.22059751065899
579 580 4.382630298310064
579 1140 0.9608255051335464
579 1141 2.1699601694543946
580 579 4.382630298310064
580 578 5.5635942386307615
580 601 2.9189173117313247
581 600 1.1701771577190334
582 637 3.773486370470085
582 601 3.5672796075256645
582 1143 4.6335250185040175
583 1148 0.6630889290612203
584 585 6.044540250407855
584 610 2.530512380354274
584 1146 3.838698894677764
585 584 6.044540250407857
586 1143 1.9590285749996266
587 974 1.2106469326218676
588 1399 1.3815771910332608
589 612 5.186733474595948
589 610 5.46021906015071
589 1399 7.32443194023983
590 591 10.0855540146913
590 592 3.515804052017835
590 594 9.599002742950649
591 1214 9.589201949876351
591 600 7.587716638942355
591 590 10.0855540146913
592 593 2.495201432104331
592 556 9.851466948825793
592 590 3.515804052017835
593 592 2.495201432104331
594 573 8.92615685553453
594 590 9.599002742950649
594 576 16.71453282368877
595 974 3.0790185363447424
595 972 5.383631430572428
595 599 6.013151633013188
596 1214 0.5677497758507569
597 598 0.9895170364183877
597 602 3.054078175048532
597 601 7.222874413696345
598 597 0.9895170364183877
599 1269 2.356708294449034
599 595 6.013151633013188
599 600 3.819454223186602
600 581 1.1701771577190334
600 591 7.587716638942355
600 599 3.819454223186602
601 582 3.5672796075256645
601 580 2.9189173117313247
601 597 7.222874413696346
602 597 3.054078175048532
603 605 4.065252383259825
604 605 6.830813457843786
605 604 6.830813457843786
605 607 5.967716400235427
605 603 4.065252383259825
605 606 2.5781240841500814
606 605 2.5781240841500814
606 608 6.12566172962165
606 618 5.987355864922264
607 605 5.967716400235427
608 606 6.12566172962165
609 623 3.0096875157283027
609 611 6.712063391144817
609 63 4.82840730630074
610 584 2.530512380354274
610 589 5.46021906015071
610 611 6.300589367825611
611 624 4.528084540071733
611 610 6.300589367825612
611 609 6.712063391144817
612 589 5.186733474595948
612 634 4.1298175525804055
612 633 4.407458959769823
613 1269 2.3082828138830087
614 692 5.090293893238213
615 474 13.841032419514109
615 616 1.4610962803959504
615 617 1.435473402851617
616 615 1.4610962803959504
617 615 1.435473402851617
618 619 5.905597700244322
618 620 6.4449479956137345
618 575 7.208264587982622
618 606 5.987355864922264
619 618 5.905597700244322
620 618 6.4449479956137345
621 575 6.93814860187927
622 464 25.617155868700614
622 576 13.36569694372752
622 677 5.16139502874055
623 609 3.0096875157283027
624 611 4.528084540071733
625 1138 1.808867878448249
625 1139 2.7151301390050633
625 637 6.179067963852183
626 1271 0.45211918359238723
627 628 2.4331911926612544
627 640 3.289030413277607
627 630 3.7943619961588797
628 627 2.4331911926612544
629 632 3.8340271470563088
630 641 2.6836908698536237
630 627 3.7943619961588797
630 632 3.6532403828338538
631 688 7.565970621588261
631 62 11.548087225568738
631 634 3.987243368155219
632 629 3.8340271470563088
632 634 4.069310741424833
632 630 3.6532403828338538
633 612 4.407458959769823
634 632 4.069310741424833
634 612 4.1298175525804055
634 631 3.987243368155219
635 638 4.654055945558251
635 1153 2.696629492097583
635 636 3.550371681158995
636 1151 1.1339541552153374
636 1152 1.796683624544514
636 635 3.550371681158995
637 582 3.773486370470085
637 638 4.166763995197165
637 625 6.179067963852183
638 60 3.169851271100336
638 635 4.654055945558251
638 637 4.166763995197165
639 1144 0.9349579225797581
639 462 4.752277755453367
639 1145 2.3120950592214204
640 627 3.289030413277607
641 630 2.6836908698536237
642 459 29.394495958701967
643 647 2.0935916125961045
644 655 29.507130044106944
645 657 6.615209910961603
645 652 3.2016091123252095
645 976 3.4364885427547596
646 1333 2.477238574543315
647 643 2.0935916125961045
647 1331 1.9102361914848647
647 461 3.310477433748165
648 654 3.38519545381266
649 654 2.693896640840079
650 670 3.3865554513397003
651 670 1.3418012209718104
652 645 3.2016091123252095
653 666 3.7101727205750024
654 460 2.721565988791957
654 648 3.38519545381266
654 649 2.693896640840079
655 644 29.507130044106948
655 658 4.602331171923838
655 1344 2.003590114121547
656 914 4.778585864070518
656 659 5.4935567760089015
656 666 6.968873339387157
657 914 4.134872347649645
657 645 6.615209910961603
657 13 4.300181634453625
658 689 5.0254325366716674
658 659 9.675628515679065
658 655 4.602331171923839
659 656 5.4935567760089015
660 464 5.832371651051243
660 918 8.680324926821623
660 41 15.926026082566286
661 662 2.3153958687059983
662 661 2.3153958687059983
662 664 2.3749994122105615
663 665 3.5535510020134016
663 664 5.7847047229554684
663 41 4.74249714730817
664 662 2.3749994122105615
664 663 5.7847047229554684
665 663 3.5535510020134016
666 653 3.7101727205750024
666 914 3.3989330117950245
666 656 6.968873339387157
667 669 3.4200585382061393
667 679 26.403213233387746
667 668 5.968793366426042
668 667 5.968793366426042
669 457 11.341526443890558
669 667 3.4200585382061393
669 455 11.538658201912929
670 651 1.3418012209718104
670 458 4.715606262296363
670 650 3.3865554513397003
671 1353 3.672285675073569
671 676 2.2077515873808795
672 673 9.77271979622727
672 671 3.977647799789477
673 674 1.1074622355353425
673 676 4.450676796031392
673 672 9.77271979622727
674 673 1.1074622355353425
675 1034 0.6202970360789595
675 1033 0.6954862555597157
675 677 4.715989058036289
676 677 3.8259797536579865
676 673 4.450676796031392
676 671 2.2077515873808795
677 676 3.8259797536579865
677 675 4.715989058036289
677 622 5.16139502874055
678 456 6.868538847480892
679 667 26.403213233387746
680 1209 1.0712088805424753
680 1208 0.8227529688761019
680 681 2.526379108970125
681 680 2.5263791089701253
682 683 3.670053476505403
683 452 6.187995378858003
683 682 3.670053476505403
683 684 4.116189316863181
684 683 4.116189316863181
685 454 20.234415526873132
685 910 11.860673302295414
685 456 8.334635458234635
686 1210 0.7981731875701574
686 687 4.494929803056718
686 1211 0.8169574435979443
687 453 2.1901294673859333
687 686 4.494929803056718
687 1194 5.165638035197774
688 631 7.565970621588262
689 930 19.41074483276502
689 658 5.0254325366716674
690 58 1.759194267089444
691 21 6.647998759041197
691 692 4.485549409721555
692 614 5.090293893238213
692 691 4.485549409721556
693 929 38.929974932499
694 730 7.554813072633293
694 565 9.957950823696125
694 726 8.564072227676466
695 754 4.895788990826965
695 696 11.990755450800938
695 919 10.682339641318103
696 695 11.990755450800938
696 746 5.886090094474545
697 1345 5.0421502300301855
697 698 13.9471011892475
697 926 17.358945846034537
698 699 4.4307199826706345
698 786 1.939650931702099
698 697 13.947101189247496
699 1391 1.1512277388420857
699 698 4.4307199826706345
699 811 24.172632813637346
700 9 0.8176659895069579
700 1339 1.1631137947895975
701 702 0.8750558786161982
702 700 0.342495433450281
703 1336 1.0347162550724376
703 1335 1.7916912894553756
704 10 0.7102535717888749
704 862 1.8708137495720352
705 11 0.4996715247562391
706 704 0.44247895039947305
707 907 5.936869272121372
707 117 3.6384569894483914
707 132 11.125850340223414
708 712 6.694136886261078
708 12 21.218274368707906
708 1026 25.24652708884098
709 712 6.985265587485518
709 711 12.21684643061901
709 710 17.327995217483696
710 709 17.327995217483693
711 709 12.21684643061901
712 709 6.985265587485518
712 708 6.694136886261078
712 1274 17.944345257858128
713 450 10.366297482318037
714 715 5.674011029004746
714 726 4.4792662237008445
714 450 15.795916595698781
715 716 2.1637075666682897
715 714 5.674011029004747
715 1198 2.0442546407235462
716 717 2.5297330619297664
716 715 2.1637075666682897
716 720 3.684234672676544
717 718 3.590290845452409
717 716 2.5297330619297664
717 1085 6.984960847859484
718 721 3.1049211008990554
718 719 4.189324649579981
718 717 3.590290845452409
719 722 2.4783423346843536
719 718 4.189324649579981
719 723 3.255889511704621
720 716 3.684234672676544
721 718 3.1049211008990554
722 719 2.4783423346843536
723 725 0.5984309827852953
723 724 3.0318007729764553
723 719 3.2558895117046216
724 723 3.0318007729764553
725 723 0.5984309827852953
726 727 4.9584316901584025
726 694 8.564072227676467
726 714 4.4792662237008445
727 726 4.9584316901584025
727 728 2.832808225359179
727 1229 3.5052208730751033
728 729 4.656374902160623
728 727 2.832808225359179
728 947 4.571487153293594
729 728 4.656374902160623
730 731 2.9627795418657334
730 694 7.554813072633291
730 734 3.979534192607582
731 732 3.221288098669485
731 730 2.9627795418657334
731 733 5.046844086785163
732 731 3.221288098669485
733 731 5.046844086785163
734 736 1.3604902688723235
734 735 2.7479818533512317
734 730 3.979534192607582
735 734 2.7479818533512312
736 734 1.3604902688723235
737 738 2.5465712009585393
737 565 2.918138517293389
737 739 2.502570873635519
738 737 2.5465712009585393
739 737 2.502570873635519
740 741 4.539707067465898
741 1054 3.942681672841791
741 921 6.841241588528215
741 740 4.539707067465898
742 1054 4.218523508457076
742 1050 0.25979781358481174
742 752 2.4662565959414557
743 1050 2.292262672284006
743 1048 2.131150631011124
743 815 4.644613314226981
744 753 4.10673350768679
744 922 4.36619641061519
744 816 5.098645498093187
745 816 6.71735533416461
746 1111 0.7166953358933393
747 748 1.4468326194811607
747 64 2.1552839086562647
748 749 0.4019617091173692
749 750 1.7402752871308487
749 466 3.5030005118169334
750 1260 0.3290632196088331
751 747 0.2409965360247814
752 742 2.4662565959414557
753 744 4.10673350768679
754 755 3.84871591674363
754 695 4.895788990826965
754 1003 5.5893977845346905
755 839 8.41353461633529
755 754 3.84871591674363
755 840 4.79113849810769
756 757 5.818534192746417
756 838 6.847908689083168
756 920 9.545313326066745
757 758 3.37589043403179
757 756 5.818534192746417
757 759 3.705556895883593
758 757 3.37589043403179
758 838 25.542511963864374
758 760 3.4917077558766323
759 757 3.705556895883594
760 758 3.4917077558766323
761 762 1.8717831082734742
761 924 13.236856822579847
761 767 8.150960545256902
762 761 1.8717831082734742
762 763 24.454975950361085
762 766 5.375869843700209
763 765 0.7187448984671084
763 764 1.34669424923736
763 762 24.454975950361085
764 763 1.34669424923736
765 763 0.7187448984671084
766 762 5.375869843700209
767 1015 3.2624287566439656
767 768 1.867962839669108
767 761 8.150960545256902
768 785 2.66340618704575
768 784 3.775031135336424
768 769 4.232040832384655
768 767 1.867962839669108
769 770 3.625739291517088
769 768 4.232040832384655
769 775 5.652174846615803
770 769 3.625739291517088
770 771 6.92583916489666
770 772 3.1485025569572103
771 814 1.010469019827558
771 1233 9.169936643267643
771 770 6.9258391648966615
772 773 3.952310445349031
772 774 1.5204655826810407
772 770 3.1485025569572103
773 772 3.952310445349031
774 772 1.5204655826810407
775 769 5.652174846615804
775 776 4.761003921262973
775 1236 3.4261086899621613
776 777 0.48277588591045184
776 1234 0.3706745855725615
776 775 4.761003921262974
777 776 0.48277588591045184
778 779 13.035041532325279
778 812 30.81812406152622
778 1074 8.913940828833194
779 781 1.3634963482949913
779 780 1.3463970245198738
779 778 13.035041532325279
780 779 1.3463970245198738
781 779 1.3634963482949913
781 783 1.7906260561860647
781 782 1.7723829856747366
782 781 1.7723829856747366
783 781 1.7906260561860647
784 768 3.775031135336424
785 768 2.66340618704575
786 801 2.2813141877010104
786 787 4.858851924823629
786 698 1.939650931702099
787 788 2.6025015654819947
787 786 4.858851924823629
787 802 4.199983214885725
788 787 2.6025015654819947
788 789 6.141239113476931
788 794 7.073006221501112
789 790 0.8596256334894511
789 788 6.141239113476931
789 791 6.542719203066848
790 789 0.8596256334894511
791 793 2.4976309609221663
791 792 1.896134125137124
791 789 6.542719203066848
792 1075 0.7992287901509127
792 791 1.896134125137124
792 1233 1.575823955102969
793 791 2.4976309609221663
794 796 1.8911942911361017
794 788 7.07300622150111
794 795 9.562114827533694
795 794 9.562114827533694
796 794 1.8911942911361017
796 797 4.648486369132218
796 800 3.767450566206279
797 798 5.007232795601786
797 796 4.648486369132218
797 799 7.839594987463786
798 797 5.007232795601787
799 797 7.839594987463786
800 796 3.767450566206279
801 786 2.2813141877010104
802 803 2.08974378405895
802 787 4.199983214885724
802 804 2.798395068007568
803 802 2.08974378405895
804 802 2.798395068007568
805 806 7.810499862722984
805 1393 3.3351409535493812
805 808 11.040933892501469
806 1137 2.735528437283366
806 805 7.810499862722984
806 807 7.449473483911928
807 806 7.449473483911928
808 1397 3.1812732187608534
808 809 3.759644406892864
808 805 11.040933892501469
809 808 3.759644406892864
810 1397 0.6155339237662036
811 878 6.591677988838571
811 884 11.976965337167867
811 699 24.17263281363735
812 884 8.849884098324232
812 880 11.737900192509137
812 778 30.81812406152622
813 880 5.724678904616244
814 771 1.010469019827558
815 743 4.644613314226981
816 817 2.3761566735129382
816 744 5.098645498093187
816 745 6.71735533416461
817 816 2.3761566735129382
818 844 2.262865004422775
818 1092 2.1119654665103114
818 845 7.212233354374751
819 1092 3.08090384557038
820 65 4.44333744319875
820 821 22.21509340341067
820 463 133.1875312483966
821 820 22.215093403410673
822 823 2.0696303957319135
822 66 3.641360224794408
822 825 2.1849667910006723
823 822 2.0696303957319135
824 66 1.746776169912189
824 826 29.83910472799317
824 825 6.504259747266696
825 65 2.510320966644806
825 822 2.1849667910006723
825 824 6.504259747266697
826 824 29.83910472799317
827 928 5.376053091629282
827 65 41.679444515206214
827 828 8.475435655771063
828 829 43.91962421269581
828 827 8.475435655771065
828 830 5.207770256023718
829 828 43.9196242126958
830 831 0.5343848876577907
830 832 1.4826103592112658
830 828 5.207770256023718
831 830 0.5343848876577907
832 830 1.4826103592112658
833 928 40.96114893083284
834 58 1.936742658320336
834 952 5.204693483323439
835 836 2.70967028845504
835 896 6.370949527078502
835 88 16.454680671025343
836 835 2.70967028845504
836 977 3.3378065843534954
836 837 6.824930239187464
837 836 6.824930239187464
838 758 25.54251196386438
838 839 8.400966030928942
838 756 6.847908689083167
839 755 8.41353461633529
839 838 8.400966030928942
839 951 6.674056961320241
840 1154 2.3251553477630185
840 755 4.79113849810769
840 841 5.2989835285128075
841 840 5.2989835285128075
842 67 12.313018218836982
842 1020 1.4124029339249202
843 332 4.790053655841827
843 324 6.746085966372902
843 288 10.578620628858872
844 818 2.262865004422775
844 907 9.162072646361102
844 845 7.741033219314339
845 1068 2.186442090422077
845 818 7.212233354374754
845 844 7.741033219314338
846 848 1.371157965552487
846 1310 4.075651880305009
846 847 5.812000246396654
847 846 5.812000246396654
848 846 1.371157965552487
849 970 32.80893869936327
849 71 34.381914928691714
849 855 40.369240531569005
850 969 3.8451704258899846
850 854 17.88599564725379
850 970 4.758939572564545
851 979 2.8617167241758077
851 1175 4.989174327671956
851 853 11.197666984178008
852 854 5.1468350516588055
853 851 11.19766698417801
854 855 1.56250389048531
854 852 5.146835051658805
854 850 17.88599564725379
855 854 1.56250389048531
855 69 7.9652750043298255
855 849 40.369240531569005
856 873 13.388183226201503
857 1 1.61573631875989
857 861 21.721356990786035
858 1025 11.764585492044736
858 38 1.6778449823669803
859 860 1.5924966448627254
860 36 0.6416490319102449
861 706 1.707040233938216
861 857 21.721356990786038
862 10 1.8620311434919636
862 1335 38.48581078652969
863 705 1.4554444410318093
863 908 58.365925586431125
864 35 1.3735059790249902
864 112 4.606593889405029
865 5 1.8684529729193877
865 908 23.581462807185822
866 7 2.28507504139052
866 1341 22.244841123395737
867 868 2.354529334718238
867 891 8.788640203797488
868 349 0.2793867854808148
869 889 1.4761528734408862
869 1225 2.8104405179393033
870 7 0.7052813629125672
870 866 2.38676584770781
871 872 0.6239124059911391
871 117 5.842143690780297
871 1093 4.65342262750529
872 871 0.6239124059911391
873 876 5.2413521358426065
873 856 13.388183226201503
873 874 4.605869427702617
874 877 3.804340030229819
874 873 4.6058694277026175
875 877 9.064562172978812
876 873 5.2413521358426065
877 875 9.064562172978812
877 32 2.934972368303692
878 811 6.591677988838571
878 880 12.421713461343703
878 1395 4.2613564451253065
879 883 4.589251134621032
880 813 5.724678904616244
880 812 11.737900192509137
880 878 12.421713461343703
881 882 5.834772786306881
882 452 3.158030496092865
882 1078 3.715027764906802
882 881 5.834772786306881
883 473 5.313709633089395
883 879 4.589251134621032
883 469 9.966684591277254
884 812 8.849884098324232
884 885 3.97171971432443
884 811 11.976965337167867
885 884 3.97171971432443
886 351 0.8413621842345403
887 352 0.8419359694887595
888 886 1.134310454121917
888 372 3.1200457492377156
889 888 0.8677591287087401
890 869 0.9404296331033636
891 1226 0.2474312684909599
891 1225 5.699778056637354
891 867 8.788640203797488
892 362 5.10921655258651
892 340 4.165411958575171
892 341 2.3724622980006993
893 942 2.827468094242144
893 373 7.087269082606755
893 946 2.207558841583408
894 355 2.3178747682543572
894 353 1.841194073368405
894 1128 2.7628122488044218
895 246 5.247239828075385
896 22 1.3905826590317691
896 835 6.370949527078502
896 53 8.87711441619547
897 110 7.560968038276355
897 107 1.6398322872804634
897 898 1.3189296526188106
898 107 1.226559765945328
898 106 2.0746087390197285
898 897 1.3189296526188106
899 135 9.46566173420012
900 901 3.0970957734808695
901 135 1.067063872588424
901 902 2.9152779464228837
901 900 3.0970957734808695
902 901 2.9152779464228837
903 142 0.9128338004752955
904 142 0.7965528541841064
905 146 5.038726224105893
905 144 3.8640839673681158
905 906 1.528259791088952
906 905 1.528259791088952
907 1041 10.739392338503814
907 707 5.936869272121372
907 844 9.162072646361102
908 305 6.968095778547179
908 863 58.36592558643114
908 865 23.58146280718582
909 82 0.8966933222072785
909 20 13.447896871408084
909 47 7.038481225728604
910 685 11.860673302295416
911 96 4.4076812436012505
912 229 7.800523292031501
913 238 2.1806651414901794
914 657 4.134872347649645
914 656 4.778585864070518
914 666 3.3989330117950245
915 917 3.2496128739033256
916 917 2.7155347437827397
917 915 3.2496128739033256
917 916 2.7155347437827397
917 918 1.575752690862164
918 917 1.575752690862164
918 660 8.680324926821623
918 1272 5.481601331625291
919 695 10.682339641318103
919 920 5.861994098049358
919 922 8.784228633397305
920 919 5.861994098049358
920 921 16.653450140621278
920 756 9.545313326066744
921 741 6.841241588528215
921 920 16.653450140621278
921 566 11.033233031530951
922 919 8.784228633397305
922 1048 4.010809206332571
922 744 4.36619641061519
923 449 4.545231078324816
923 542 11.537332794032405
923 448 7.986167261017816
924 761 13.236856822579847
924 16 28.346403329895416
924 448 6.272474728079107
925 1236 0.4197857671782064
926 1015 6.2687447030766705
926 1014 9.288621749138537
926 697 17.358945846034533
927 1014 6.846038883484798
928 833 40.96114893083285
928 827 5.376053091629282
928 1000 260.8083317814298
929 1321 41.99933023355867
929 693 38.92997493249901
929 18 66.68555847258325
930 689 19.410744832765012
930 45 6.860513501821048
930 454 5.675631547287075
931 121 3.7784460741844326
932 121 0.6431222075325396
933 157 1.0151017599704826
934 313 2.8220104965016004
934 315 2.3799720029359235
934 291 2.796778627581488
935 398 1.0042112506772625
936 398 0.9252539465098584
937 938 0.8112009028129284
937 393 1.4667351863107054
937 394 3.481996870069652
938 937 0.8112009028129284
939 367 4.07137510043422
940 942 2.4256459034841744
941 943 3.671619610239583
942 946 1.0815794541038408
942 893 2.827468094242144
942 940 2.4256459034841744
943 949 4.49012682059114
943 495 3.9583126911226914
943 941 3.671619610239583
944 946 1.1236492558400208
945 985 1.2226391032070545
946 942 1.0815794541038408
946 944 1.1236492558400208
946 893 2.207558841583408
947 569 0.6347863172355102
947 1133 0.6764450260711058
947 728 4.571487153293594
948 494 5.391451395968669
949 943 4.49012682059114
950 387 5.017764932262109
951 839 6.674056961320241
952 956 21.711526937574444
952 465 10.923180826901968
952 834 5.20469348332344
953 424 0.5454493642082797
954 957 0.31599401694133183
955 185 1.4491931140606071
955 50 3.0619868762059244
956 14 0.8595412627054663
956 952 21.711526937574444
956 467 8.024907811178856
957 961 0.8882477106937116
957 960 1.9867498717973482
958 50 1.6568683327885314
958 955 2.4005904456543368
958 184 9.520695892695112
959 424 0.579979351888575
960 19 22.222290036108838
960 961 2.047944963679071
961 39 0.2472110710494844
962 463 122.44283923081917
963 451 1.905120268169098
963 54 1.0386674105082916
963 965 3.594714521904988
964 74 12.910684051890794
965 963 3.5947145219049874
966 263 6.582819416716872
966 270 6.933256993278223
966 967 5.734893970532891
967 966 5.734893970532891
968 1038 2.9969601099634553
968 308 6.636617299478274
968 307 7.146330452414106
969 1175 17.131439076985583
969 850 3.8451704258899846
969 970 2.7239913829649547
970 969 2.7239913829649547
970 850 4.758939572564545
970 849 32.80893869936326
971 972 4.0965680809945155
972 595 5.383631430572428
972 973 0.5194076361614766
972 971 4.0965680809945155
973 972 0.5194076361614766
974 587 1.2106469326218676
974 595 3.0790185363447424
974 975 0.6730423355791343
975 974 0.6730423355791343
976 645 3.4364885427547605
977 836 3.3378065843534954
978 88 1.1462669183852954
978 51 13.383233151802969
978 52 30.263436803880623
979 851 2.8617167241758077
980 12 0.7376695117063476
981 19 1.1969792002291293
981 75 6.560961397196315
982 432 0.8260237616532928
982 186 11.258593133981615
982 434 19.173300881897877
983 33 9.410959646914172
983 1160 22.292037572919206
983 1261 6.802234718451982
984 945 1.3154312207191259
984 1008 1.9649219398590954
985 477 1.5033629989416402
985 476 3.7266427226916012
986 987 0.8496041081061226
987 478 1.6138068258224996
987 529 3.921231447277322
988 375 3.55542483620548
988 1253 0.7204718334486511
988 358 0.753809379726879
989 1256 0.4439756823506226
989 357 3.2160593949560496
989 382 2.9160404995132523
990 1255 0.3006557921878155
990 991 0.6269559605059287
990 348 2.672160825940808
991 990 0.6269559605059287
992 385 3.818693050831139
993 994 1.283459307888938
994 1259 0.9262269426436188
994 993 1.283459307888938
994 377 1.9640912001304784
995 1248 0.4683544477455084
995 388 1.4325687083208947
995 394 1.1812221572409705
996 390 8.123728998563378
997 1018 1.8928121395714486
997 998 1.6262427458486677
997 334 4.322607629949893
998 997 1.6262427458486677
999 56 0.599948974026803
1000 928 260.8083317814298
1001 1244 2.314283299334842
1001 1245 0.44601641813402354
1001 467 9.703051955546067
1002 1221 10.22132354931555
1003 754 5.5893977845346905
1004 1005 5.019421746997621
1005 15 1.7685430522801686
1005 21 7.6911052705293095
1005 1004 5.019421746997621
1006 1201 1.5729737591795692
1007 1071 8.086396149489467
1007 1056 10.761557868214135
1007 1082 5.415572748318636
1008 484 3.5089159741992924
1008 945 1.961032743109123
1009 1011 3.5401170337137065
1009 1012 2.09131514197
1009 1010 2.559548295943564
1010 1009 2.559548295943564
1011 472 8.546246375043582
1011 473 6.738244446814945
1011 1009 3.540117033713706
1012 1009 2.09131514197
1013 1015 2.739537239669011
1013 1017 5.077168961511136
1013 1016 3.2046494949191326
1014 927 6.846038883484798
1014 926 9.288621749138537
1014 1062 2.577240103968461
1015 926 6.2687447030766705
1015 767 3.2624287566439656
1015 1013 2.739537239669011
1016 1013 3.2046494949191326
1017 1013 5.077168961511136
1018 997 1.8928121395714486
1019 1020 0.9864902213018584
1019 842 1.6799648534137879
1020 1021 1.7922884338734242
1021 1023 1.0467974588375502
1021 1177 1.7145161307381054
1022 1024 0.9032120799827935
1022 1179 1.4712583951144944
1023 1022 0.5096735690867291
1024 1019 0.5806309967455263
1025 858 11.764585492044734
1025 1027 1.3651322220791062
1026 708 25.246527088840978
1026 1029 1.746016649994066
1027 1028 0.8020107238117663
1028 1029 1.2655121104013511
1028 1026 2.1002877569168685
1029 1030 0.26248738118476905
1030 1031 1.1449347597786372
1030 1178 2.1278689202681735
1031 1032 1.632452299699646
1032 1027 0.9297786445060102
1032 1025 1.461633633387088
1033 675 0.6954862555597157
1034 675 0.6202970360789595
1035 296 2.487396390904788
1036 1037 1.9774617133022203
1037 236 0.22682175180886027
1037 1036 1.9774617133022203
1037 239 8.63457862064401
1038 968 2.9969601099634553
1039 239 2.2874792856458797
1040 356 4.230032791116662
1041 134 2.5093695280268498
1041 907 10.739392338503814
1041 1045 3.98204589990353
1042 236 1.8220697657984892
1042 1101 1.0220071604591323
1042 234 4.99368486482106
1043 258 3.1177906678544995
1044 206 6.8732655742740425
1045 1041 3.98204589990353
1046 290 4.127876810324138
1047 290 2.686900655002443
1048 743 2.131150631011124
1048 1049 2.2862081674824917
1048 922 4.010809206332571
1049 1048 2.2862081674824917
1050 742 0.25979781358481174
1050 743 2.292262672284006
1050 1051 2.843458458595757
1051 1050 2.843458458595757
1051 1052 0.34759322756502753
1051 1053 0.6741980569081292
1052 1051 0.34759322756502753
1053 1051 0.6741980569081292
1054 741 3.942681672841791
1054 742 4.218523508457076
1054 1055 2.58507722538889
1055 1054 2.58507722538889
1056 1007 10.761557868214135
1056 1058 2.5634758121390893
1057 1059 1.1244004315390739
1057 1056 2.291708321352938
1058 1057 1.5516087909628207
1058 1343 6.411442220603742
1059 1057 1.1244004315390739
1060 525 1.5147504263391216
1061 525 1.2736402558969198
1062 1014 2.577240103968461
1063 532 1.2501920783888918
1064 532 2.448458937213457
1065 243 1.6870811591366621
1065 244 4.449433707961268
1065 1066 5.550618238865707
1066 258 2.850340436339218
1066 243 1.7349206385872293
1066 1065 5.550618238865705
1067 1068 1.8466310721596462
1068 845 2.186442090422077
1068 1067 1.8466310721596462
1068 1310 5.614568691321336
1069 118 2.01428940718392
1070 1072 6.530114780094138
1071 1007 8.086396149489467
1071 1168 19.94934093370383
1071 1072 4.233151035553393
1072 1070 6.530114780094136
1072 1071 4.2331510355533934
1072 1161 4.296142294790398
1073 567 14.439679260968424
1074 778 8.913940828833194
1075 792 0.7992287901509127
1076 1363 1.4606103829520385
1076 1167 4.810984761296255
1076 1362 4.7711574335192095
1077 17 15.648976630279485
1077 529 18.931766890465045
1077 1363 2.2456994523899834
1078 882 3.715027764906802
1078 1079 2.2616898354622537
1078 57 9.186352993827434
1079 1078 2.2616898354622537
1080 1082 5.785613448814727
1080 1188 3.271092208404485
1080 1161 6.812997122075609
1081 1082 6.2873878323191175
1081 1187 13.66047553842152
1081 1183 4.6243696040122995
1082 1080 5.785613448814727
1082 1007 5.415572748318636
1082 1081 6.2873878323191175
1083 27 9.729459065190692
1084 1160 9.081582689923762
1085 717 6.984960847859485
1086 563 0.6504359746298908
1086 564 3.330217145657826
1086 1087 4.5819291846247205
1087 1086 4.5819291846247205
1088 1089 1.8313861665000262
1089 1088 1.8313861665000262
1089 265 3.3572306853393026
1089 261 4.232824594139816
1090 264 1.7980613947662227
1091 1092 4.925974629677415
1092 818 2.1119654665103114
1092 819 3.08090384557038
1092 1091 4.925974629677415
1093 175 2.0303827050378405
1093 174 0.5052883652207484
1093 871 4.65342262750529
1094 1096 0.9521437625506532
1095 127 1.0550066099144253
1096 1094 0.9521437625506532
1096 128 0.7967323268522716
1096 125 2.2162248044650497
1097 170 2.901819988843121
1098 173 1.3626230833256603
1099 1101 1.204504973931118
1100 1101 0.4729183140412836
1101 1099 1.204504973931118
1101 1100 0.4729183140412836
1101 1042 1.0220071604591323
1102 253 3.473980727096831
1103 1105 0.9934418581342858
1104 1105 0.42638714561472557
1105 1103 0.9934418581342858
1105 1104 0.42638714561472557
1105 1106 1.473064696692007
1106 259 1.7409971197563852
1106 260 3.6790926155855583
1106 1105 1.473064696692007
1107 1108 3.0656734940816586
1108 1110 0.5195094745065736
1108 264 5.309764241467319
1108 1107 3.0656734940816586
1109 1110 4.437556802785881
1110 1108 0.5195094745065736
1110 261 6.354815368770311
1110 1109 4.437556802785881
1111 751 1.2044734256651213
1111 1156 1.92916469455627
1112 533 1.0058160098828757
1113 422 2.1834924425478976
1114 422 0.94012738350894
1115 1119 0.7020428296711845
1116 511 0.809298511785634
1117 519 2.6275430188623212
1118 1119 0.9032646535759404
1119 1115 0.7020428296711845
1119 1118 0.9032646535759404
1119 511 4.731331024644419
1120 1121 2.804817961659391
1121 537 3.414450428382729
1121 538 0.6846232203723334
1121 1120 2.804817961659391
1122 1123 2.91855440772078
1123 359 0.45459138373973595
1123 1124 0.6793778752890525
1123 1122 2.91855440772078
1124 1123 0.6793778752890525
1124 1252 0.5204439883551676
1124 361 4.6282355620067905
1125 300 0.43973585462516956
1125 299 3.1816390237596996
1125 303 9.297683974944134
1126 1127 1.5213722295960845
1127 297 0.8464796383666424
1127 1126 1.5213722295960845
1127 296 4.028080929502158
1128 894 2.7628122488044218
1129 1131 2.6344655959473724
1130 1131 0.9346411103034769
1131 1130 0.9346411103034769
1131 339 5.047779942799169
1131 1129 2.6344655959473724
1132 374 2.790274192968344
1133 947 0.6764450260711058
1134 1229 3.88003579723662
1135 553 1.1237554094923368
1135 1195 0.5488739413748336
1135 555 8.519849346106662
1136 568 0.7936483176683183
1136 1199 0.5565698701203489
1136 554 6.05103444380249
1137 806 2.735528437283366
1138 625 1.808867878448249
1139 625 2.7151301390050633
1140 579 0.9608255051335464
1141 579 2.1699601694543946
1142 1143 2.002552165249891
1143 1142 2.002552165249891
1143 586 1.9590285749996266
1143 582 4.6335250185040175
1144 639 0.9349579225797581
1145 639 2.3120950592214204
1146 584 3.838698894677764
1147 1148 1.781288623203613
1148 578 2.512857780983118
1148 583 0.6630889290612203
1148 1147 1.781288623203613
1149 1150 1.8123856746854623
1150 60 2.375319356364179
1150 61 1.3669703827793036
1150 1149 1.8123856746854623
1151 636 1.1339541552153374
1152 636 1.796683624544514
1153 635 2.696629492097583
1154 840 2.3251553477630185
1155 1191 6.479673993360737
1155 1156 18.391980496810124
1155 1307 5.137628536827438
1156 751 1.8120683639988362
1156 1155 18.391980496810124
1157 538 5.024840802031254
1158 1159 1.1108191793949733
1158 1287 0.6098335316664998
1158 1161 7.312707786660985
1159 1158 1.1108191793949733
1160 983 22.292037572919206
1160 1084 9.08158268992376
1160 67 19.818651340405783
1161 1072 4.296142294790398
1161 1158 7.312707786660985
1161 1080 6.81299712207561
1162 1164 6.017788054843447
1163 1164 3.6293243629191325
1164 1169 6.388315956406647
1164 1163 3.6293243629191325
1164 1162 6.017788054843447
1165 1171 2.4244220860924943
1165 1168 2.7289482687795656
1165 1289 5.474391094240912
1166 1167 2.5340749309129267
1166 1168 2.3149566678453213
1166 1334 10.489383780618711
1167 1166 2.5340749309129267
1167 1293 2.077614870418067
1167 1076 4.810984761296255
1168 1165 2.7289482687795656
1168 1166 2.3149566678453213
1168 1071 19.94934093370383
1169 1164 6.388315956406647
1169 1171 3.7070782424612205
1169 1170 5.660617055755057
1170 1190 2.147711573976655
1170 1169 5.660617055755057
1170 1290 4.261562909095284
1171 1169 3.7070782424612205
1171 1165 2.4244220860924943
1171 1172 10.10871645806195
1172 1189 2.1656629346983083
1172 1171 10.108716458061949
1172 1180 3.3033272587289777
1173 1307 0.2754014413354114
1173 1267 5.3880070250376555
1173 1263 8.330945438269573
1174 1279 2.221874572220855
1175 851 4.989174327671956
1175 969 17.131439076985583
1175 1176 5.220831675535021
1176 1175 5.220831675535021
1177 69 22.15670339832602
1177 1023 1.5554531060968673
1178 1179 65.22877799969908
1178 1031 1.917449876781429
1179 1178 65.22877799969909
1179 1024 1.23358125842626
1180 1172 3.3033272587289777
1181 1182 1.0084462027892203
1182 1181 1.0084462027892203
1182 1372 2.9753556731632735
1182 1186 4.0974405209326665
1183 1184 0.8871974680847671
1183 1185 4.775697403860475
1183 1081 4.6243696040122995
1184 1183 0.8871974680847671
1185 1183 4.775697403860475
1185 1186 5.611590533702636
1185 1340 1.079881606690675
1186 1182 4.0974405209326665
1186 1185 5.611590533702636
1186 1187 6.256334284660799
1187 1186 6.256334284660798
1187 1281 3.93959617481329
1187 1081 13.660475538421517
1188 1080 3.271092208404485
1188 986 1.6757690182884326
1189 1172 2.1656629346983083
1190 1170 2.147711573976655
1191 1279 6.1057410252234865
1191 1303 3.053624077731581
1191 1155 6.479673993360737
1192 423 3.7986170219415123
1192 421 7.1836124813696065
1192 1193 5.114940794874427
1193 1192 5.114940794874427
1194 687 5.165638035197774
1195 1135 0.5488739413748336
1196 1197 0.6529496219005004
1197 541 0.7298278202527397
1197 1196 0.6529496219005004
1197 540 7.76074419925919
1198 715 2.0442546407235462
1199 1136 0.5565698701203489
1200 1201 0.7159012741022046
1201 1200 0.7159012741022046
1201 1006 1.5729737591795692
1201 550 4.293777313696122
1202 1203 2.588961961052799
1203 176 1.390907902739551
1203 120 3.4566918610091597
1203 1202 2.588961961052799
1204 1205 0.6094715298575523
1205 192 1.3000820110328206
1205 1204 0.6094715298575523
1205 190 16.308476100191413
1206 97 0.7636127763735806
1206 96 0.6688670220740911
1206 1207 0.8397410480369824
1207 1206 0.8397410480369824
1208 680 0.8227529688761019
1208 1211 1.552534754453962
1208 1209 0.7783736028053747
1209 680 1.0712088805424753
1209 1210 6.213109720785477
1209 1208 0.7783736028053747
1210 686 0.7981731875701574
1210 1209 6.213109720785476
1210 1211 0.9323422562324435
1211 1208 1.5525347544539616
1211 686 0.8169574435979443
1211 1210 0.9323422562324435
1212 74 3.955446788705171
1212 980 6.881073874998344
1213 1214 0.5394469200759368
1214 596 0.5677497758507569
1214 1213 0.5394469200759368
1214 591 9.589201949876353
1215 482 0.42045616999959196
1215 1216 0.6362619896734293
1215 481 5.767248273041893
1216 1215 0.6362619896734293
1217 524 0.5525171055825998
1218 536 0.3425581790912624
1219 536 0.45853767319479666
1220 1221 0.41692125701877386
1221 1220 0.41692125701877386
1221 1002 10.221323549315548
1221 423 6.934754484384622
1222 1223 2.692426274537174
1223 1222 2.692426274537174
1223 507 3.007967795818098
1223 508 4.261386802284539
1224 365 1.6562925989590411
1224 887 2.136535904125635
1225 373 4.635738907104552
1225 889 2.830177806514232
1225 891 5.699778056637354
1226 891 0.2474312684909599
1226 890 2.134286265515444
1227 513 0.3778094842689005
1228 1229 0.5361636200275328
1229 1228 0.5361636200275328
1229 1134 3.8800357972366206
1229 727 3.5052208730751038
1230 1231 0.6383760471635443
1231 552 0.7693073104076962
1231 1230 0.6383760471635443
1231 448 5.743184171336005
1232 1233 2.6903401641579308
1233 1232 2.6903401641579308
1233 792 1.575823955102969
1233 771 9.169936643267643
1234 776 0.3706745855725615
1235 1236 0.3744440481189645
1236 925 0.4197857671782064
1236 1235 0.3744440481189645
1236 775 3.426108689962161
1237 1238 0.5399934078194102
1238 549 0.7904476002673725
1238 1237 0.5399934078194102
1238 548 4.920798492425973
1239 1240 0.46919674023870983
1240 562 0.6192611958797679
1240 1239 0.46919674023870983
1240 551 12.777739855542087
1241 1242 0.4552342187947149
1242 560 0.7242203290766386
1242 1241 0.4552342187947149
1242 550 7.007435025589338
1243 1244 0.6969818252580395
1244 545 0.5437700429810154
1244 1001 2.314283299334842
1244 1243 0.6969818252580395
1245 1001 0.44601641813402354
1246 1247 0.41671098152904484
1247 407 0.48520269549951855
1247 1246 0.41671098152904484
1247 408 7.616954148190032
1248 995 0.4683544477455084
1249 224 0.3853939614355613
1250 245 0.4454222845115088
1251 245 0.29343092916714114
1252 1124 0.5204439883551676
1253 988 0.7204718334486511
1254 357 0.5078528779877294
1255 990 0.3006557921878155
1256 989 0.4439756823506226
1257 338 4.7886684709430964
1257 377 9.126797015956353
1257 347 2.5547848983930375
1258 345 0.41487365195205583
1259 994 0.9262269426436188
1260 746 1.3750464290469118
1260 696 6.114875536536958
1261 983 6.802234718451982
1262 18 12.523572745714501
1263 1173 8.330945438269573
1263 1381 3.1396203892564225
1263 1308 2.619087327283116
1264 1266 3.787339286760107
1265 1266 2.075850574469473
1266 1265 2.075850574469473
1266 1267 4.610774588285572
1266 1264 3.7873392867601066
1267 1305 4.4840223804937365
1267 1266 4.610774588285572
1267 1173 5.3880070250376555
1268 1269 0.547291844892637
1269 613 2.3082828138830087
1269 599 2.356708294449034
1269 1268 0.547291844892637
1270 1271 0.6146584580887099
1271 626 0.45211918359238723
1271 1270 0.6146584580887099
1271 44 6.893893522676851
1272 918 5.481601331625291
1273 56 0.5265244916511465
1274 712 17.944345257858128
1275 557 2.343523253498325
1275 1276 1.2282788612200441
1275 559 6.753674975272015
1276 1275 1.2282788612200441
1277 572 0.44537289451541434
1278 572 0.5745108918218712
1279 1174 2.221874572220855
1279 1191 6.1057410252234865
1279 1299 17.388370370464447
1280 476 17.072960939432775
1280 475 12.996897671893864
1280 1373 2.339242365395781
1281 1373 0.5737437167221855
1281 1187 3.93959617481329
1281 1282 11.105821283252627
1282 1281 11.105821283252627
1282 1340 2.0218541315452456
1282 1295 5.464442189648174
1283 1389 12.895113822219882
1283 1373 6.678006285653432
1283 1298 5.3033186698654875
1284 1313 3.82669994143618
1284 1312 2.88038513374856
1284 1330 2.299609078527232
1285 1313 2.0211859380474304
1286 1299 2.103668864388591
1287 1158 0.6098335316664998
1288 1289 0.5412272676682935
1289 1288 0.5412272676682935
1289 1360 2.6306362714303195
1289 1165 5.474391094240912
1290 1170 4.261562909095284
1291 1293 1.9418434967269769
1292 1293 1.8193652137376146
1293 1291 1.9418434967269769
1293 1292 1.8193652137376146
1293 1167 2.077614870418067
1294 1295 0.6629245227425955
1295 1390 8.045351313106966
1295 1294 0.6629245227425955
1295 1282 5.464442189648174
1295 1296 5.425404593288677
1296 1297 1.2391383090140984
1296 1298 12.09363541929495
1296 1295 5.425404593288676
1297 1296 1.2391383090140984
1297 1374 6.169356227839616
1297 1298 9.252941590393185
1298 1296 12.09363541929495
1298 1297 9.252941590393185
1298 1283 5.3033186698654875
1299 1375 2.0798928358837747
1299 1286 2.103668864388591
1299 1301 5.012059103697145
1299 1279 17.388370370464447
1300 1312 4.798781233457875
1300 1326 3.857394908169433
1300 1327 3.5804907011562097
1301 1380 4.187496291433903
1301 1299 5.012059103697145
1301 1309 5.304132539567278
1302 1303 3.0954611174475333
1303 1358 7.032781963816023
1303 1191 3.053624077731581
1303 1302 3.095461117447534
1304 1305 2.745411410438545
1305 1356 0.46720634353100177
1305 1267 4.4840223804937365
1305 1304 2.745411410438545
1306 1307 3.0254460664391116
1307 1173 0.2754014413354114
1307 1155 5.137628536827438
1307 1306 3.0254460664391116
1308 1263 2.619087327283116
1309 1312 2.151948228805041
1309 1329 4.20055799733507
1309 1301 5.304132539567278
1310 846 4.07565188030501
1310 1068 5.614568691321336
1310 1311 2.6814375689435557
1311 1310 2.6814375689435557
1312 1309 2.151948228805041
1312 1300 4.798781233457875
1312 1284 2.88038513374856
1313 1284 3.82669994143618
1313 1315 8.056095579001845
1313 1376 2.092941584289477
1313 1285 2.0211859380474304
1314 1315 0.8918030905072691
1315 1314 0.8918030905072691
1315 1313 8.056095579001845
1315 1325 4.856700953603128
1316 1320 4.204896022123219
1317 1319 0.7221143322252472
1318 1319 1.2175884674853485
1319 1317 0.7221143322252472
1319 1318 1.2175884674853485
1319 1320 2.72188672750204
1320 1316 4.204896022123219
1320 1319 2.72188672750204
1320 1321 2.9485626920413877
1321 929 41.99933023355868
1321 24 30.539109821967727
1321 1320 2.9485626920413877
1322 1324 5.183463428058419
1322 1323 9.811989362650724
1322 1349 4.339870698095376
1323 1322 9.811989362650724
1323 1359 7.354829673122632
1323 1324 12.315722251971382
1324 1322 5.183463428058419
1324 1323 12.315722251971382
1324 24 7.72639198670561
1325 1315 4.856700953603128
1326 1300 3.857394908169433
1327 1300 3.5804907011562097
1328 1329 2.7358342693335995
1329 1309 4.20055799733507
1329 1378 0.24137773937970713
1329 1328 2.7358342693335995
1330 1284 2.299609078527232
1331 647 1.9102361914848647
1332 1333 0.7452606686090761
1333 646 2.477238574543315
1333 1332 0.7452606686090761
1333 43 5.500981397435554
1334 1166 10.489383780618711
1335 862 38.48581078652969
1335 1336 1.768421684463715
1336 1338 0.10378424931527552
1337 701 0.5422164293434555
1338 1337 0.9879205709508491
1338 31 4.132861178816626
1339 9 1.2017247872624075
1340 1185 1.079881606690675
1340 1282 2.0218541315452456
1340 1343 15.961089376301697
1341 866 22.244841123395734
1341 1365 1.2633398925023982
1342 1354 7.603914569575166
1342 1343 0.8109686482258222
1342 1371 1.3362883150910143
1343 1342 0.8109686482258222
1343 1340 15.961089376301697
1343 1058 6.411442220603742
1344 655 2.003590114121547
1345 24 12.723107989484307
1345 697 5.0421502300301855
1345 1347 7.01188746498229
1346 1347 4.218102851496514
1346 1385 2.6292015547260803
1346 1348 3.4597037213285398
1347 1346 4.218102851496514
1347 1345 7.01188746498229
1347 1359 11.731849619880643
1348 1346 3.4597037213285398
1349 1322 4.339870698095376
1350 1351 1.4271432033265712
1350 1352 1.2130707893522155
1350 1353 2.9967492814203647
1351 1350 1.4271432033265712
1352 1350 1.2130707893522155
1353 1350 2.9967492814203647
1353 468 31.324096409365183
1353 671 3.672285675073569
1354 1342 7.603914569575166
1354 1367 2.291865524538165
1355 1356 1.829063957160282
1356 1305 0.46720634353100177
1356 1355 1.829063957160282
1356 1378 1.5856128606710098
1357 1358 1.768840004899106
1358 1383 0.31236278824072033
1358 1357 1.768840004899106
1358 1303 7.032781963816023
1359 1386 1.1065296789230477
1359 1347 11.731849619880643
1359 1323 7.354829673122632
1360 1289 2.6306362714303195
1361 1363 1.4598727521114496
1362 1076 4.7711574335192095
1363 1076 1.4606103829520385
1363 1077 2.2456994523899834
1363 1361 1.4598727521114496
1364 1370 0.955538039581623
1364 1369 0.6005911809408657
1365 1364 1.1345295358791312
1366 1341 1.401207923221614
1366 1365 0.8071597390674269
1367 1366 0.30020474504548744
1368 1354 2.197370038343203
1368 1367 0.6584099315584172
1369 1368 0.4396598714255966
1370 1369 0.991907002806737
1371 1342 1.3362883150910143
1372 1182 2.9753556731632735
1373 1281 0.5737437167221855
1373 1280 2.33924236539578
1373 1283 6.678006285653432
1374 1297 6.169356227839616
1375 1299 2.0798928358837747
1376 1313 2.092941584289477
1377 1378 1.86794070935426
1378 1329 0.24137773937970713
1378 1377 1.86794070935426
1378 1356 1.5856128606710098
1379 1380 1.8311221274504514
1380 1301 4.187496291433903
1380 1379 1.8311221274504514
1380 1384 2.2061194692947605
1380 1383 1.3011731795531727
1381 1263 3.1396203892564225
1382 1383 2.1320044141496015
1383 1358 0.31236278824072033
1383 1382 2.1320044141496015
1383 1380 1.3011731795531727
1384 1380 2.2061194692947605
1385 1346 2.6292015547260803
1386 1359 1.1065296789230477
1387 1388 2.7179612984349717
1388 1387 2.7179612984349717
1388 1389 8.48634592625
1389 1388 8.48634592625
1389 1283 12.895113822219882
1390 1295 8.045351313106966
1391 1393 0.47288370214887443
1391 699 1.1512277388420857
1391 1392 4.0214591135097875
1392 1391 4.0214591135097875
1393 1391 0.47288370214887443
1393 805 3.3351409535493812
1393 1394 2.9992413589907603
1394 1393 2.9992413589907603
1395 878 4.2613564451253065
1396 1397 0.6207780796808275
1397 810 0.6155339237662036
1397 808 3.1812732187608534
1397 1396 0.6207780796808275
1398 1399 1.302558995792366
1399 588 1.3815771910332608
1399 1398 1.302558995792366
1399 589 7.324431940239829
1400 483 0.9986303649349659
1401 480 0.47416910389640077
