0 21 4.247546323349552
0 28 109.88011906523309
1 19 5.775811144769631
1 2 2.2313730692100147
1 14 10.05996254051886
2 39 3.149288202581018
2 1 2.2313730692100147
2 20 10.299468014788694
3 40 2.0499541558644476
3 30 2.1528964925198464
3 24 20.724672779724038
4 8 9.33739308363191
4 30 5.4523301194889005
5 7 21.07258345475453
5 60 47.722907222388436
6 47 7.7079690675136465
6 15 11.578127829798458
6 10 2.2219263690728783
7 27 60.76825408485146
7 10 17.26729423778641
7 5 21.07258345475453
8 4 9.337393083631913
8 22 0.6904046203222526
9 15 9.172358310867386
9 17 5.251578855709944
9 16 0.9262542317009275
10 33 2.429731452643493
10 6 2.2219263690728783
10 7 17.267294237786412
11 33 1.42992292892606
11 45 7.619829558540769
11 13 2.837817883476251
12 45 2.8236491444509593
13 55 0.5325528435596864
13 49 1.9836317157494858
13 11 2.837817883476251
14 56 8.720726644113634
14 48 1.8364610214504054
14 1 10.05996254051886
15 31 3.1175116832738903
15 9 9.172358310867386
15 25 7.63943133072201
15 6 11.578127829798461
16 9 0.9262542317009275
16 23 16.827393381354703
17 43 2.714877993867703
17 18 10.149697816061403
17 9 5.251578855709944
18 17 10.149697816061403
19 1 5.775811144769631
20 2 10.299468014788692
21 0 4.247546323349552
22 35 3.878691889384216
22 23 0.7718643217112251
23 16 16.827393381354707
23 8 0.9629341929921988
24 41 3.1541160201104472
24 28 2.316016326463055
24 3 20.724672779724035
25 15 7.63943133072201
25 26 2.281796988109553
25 37 2.4077076203642536
26 25 2.281796988109553
27 7 60.76825408485148
28 29 9.894566732249142
28 24 2.316016326463055
28 0 109.88011906523309
29 28 9.894566732249142
30 4 5.4523301194889005
30 3 2.1528964925198464
30 40 1.7063288256291385
31 15 3.1175116832738903
31 48 9.378110188013608
31 32 3.7477357680166588
32 31 3.747735768016659
33 11 1.42992292892606
33 10 2.429731452643493
33 34 1.4841090680694344
34 33 1.4841090680694344
35 22 3.878691889384216
35 37 1.7119209699361546
35 36 4.83940573237681
36 35 4.83940573237681
37 35 1.7119209699361546
37 25 2.4077076203642536
37 38 6.940085678470394
38 37 6.9400856784703935
39 2 3.149288202581018
39 40 1.60686047893515
39 51 4.927807799838601
40 3 2.0499541558644476
40 39 1.60686047893515
40 30 1.7063288256291385
41 24 3.1541160201104472
41 52 3.462436085835054
42 43 1.8399060093833175
42 54 1.6290218487935022
42 53 1.336121563654417
43 17 2.714877993867703
43 42 1.8399060093833175
43 60 2.6634861258626796
44 45 0.5626644655052258
45 44 0.5626644655052258
45 12 2.8236491444509593
45 11 7.619829558540769
46 47 2.870965835518687
47 46 2.870965835518687
47 50 8.839167765628835
47 6 7.707969067513647
48 31 9.378110188013608
48 14 1.8364610214504054
48 61 4.7459007383423835
49 13 1.9836317157494858
50 47 8.839167765628835
51 39 4.927807799838602
52 41 3.4624360858350536
53 42 1.336121563654417
54 42 1.6290218487935022
55 13 0.5325528435596864
56 14 8.720726644113634
56 62 2.363066059448015
57 59 6.32568703715916
58 59 3.642965542773341
59 57 6.32568703715916
59 60 10.454491483748129
59 58 3.642965542773341
60 43 2.6634861258626796
60 5 47.72290722238843
60 59 10.454491483748129
61 48 4.7459007383423835
62 56 2.363066059448015
