0 9 1.8466032970245743
0 2 51.26365137947417
1 6 1.5059369976215915
1 93 1.5748968724589387
1 114 4.026069743625734
2 124 17.97424231655678
2 7 77.30543487992571
2 0 51.263651379474176
3 117 4.974234946255376
3 4 9.17466370734182
3 6 22.358949086888526
4 156 6.466677629461714
4 37 13.676618276317678
4 3 9.17466370734182
5 33 8.913156501887709
5 15 11.304673598925334
6 1 1.5059369976215915
6 111 20.903312358830192
6 3 22.35894908688853
7 122 434.0584189344159
7 133 125.0934867420193
7 2 77.30543487992573
8 40 70.3730550851121
9 0 1.8466032970245743
10 30 24.3168851081863
10 28 16.128574908412524
10 31 8.676177769858622
11 163 10.687635919874452
11 27 9.359932503423272
11 60 4.028307160894437
12 13 7.398747181791384
12 125 22.646419047940828
12 67 6.666043943034592
13 12 7.398747181791384
13 123 2.568695851415149
13 14 3.8027648179977778
14 13 3.8027648179977778
14 134 4.040294864109683
14 126 1.5224767017983285
15 173 1.147080833489882
15 35 2.9675253174836795
15 5 11.304673598925334
16 17 3.8286624881239026
16 173 5.196568380338994
16 19 2.4003384887226473
17 18 0.902056632740166
17 172 3.070551185562994
17 16 3.8286624881239026
18 17 0.902056632740166
19 20 1.9488881442373704
19 16 2.4003384887226473
19 21 2.5289988705039805
20 19 1.9488881442373704
21 19 2.5289988705039805
22 23 1.9476308843430634
22 35 5.333300007618216
22 30 9.449164823477966
23 22 1.9476308843430634
23 26 0.7384197783426102
23 25 1.1834977227869166
24 28 1.3703278913648118
24 27 4.3055055520993175
24 50 1.1890710216424745
25 23 1.1834977227869166
26 23 0.7384197783426102
27 11 9.35993250342327
27 24 4.3055055520993175
27 180 3.473845086658151
28 24 1.3703278913648118
28 29 4.998948581573622
28 10 16.128574908412524
29 28 4.998948581573622
30 31 3.423795675606662
30 10 24.3168851081863
30 22 9.449164823477966
31 30 3.423795675606662
31 32 4.933517406639982
31 10 8.67617776985862
32 31 4.933517406639982
33 198 3.7146868574632563
33 5 8.91315650188771
33 37 6.5070912809555175
34 198 0.46323677542606234
35 15 2.9675253174836795
35 22 5.333300007618216
35 36 2.81493111328926
36 201 6.580437415259626
36 35 2.81493111328926
36 38 12.499270875034268
37 201 8.217424859785197
37 33 6.5070912809555175
37 4 13.676618276317678
38 211 0.27762880132812123
38 212 0.35722138190505703
38 36 12.499270875034268
39 50 12.667497126473997
39 42 2.3087194193584986
39 47 23.876602386430836
40 47 1.371381535706577
40 8 70.3730550851121
40 41 19.521492085468047
41 40 19.521492085468047
42 47 14.028519727389028
42 39 2.3087194193584986
42 43 7.462399897249715
43 44 6.660991089285728
43 42 7.462399897249716
43 210 4.87184973003302
44 46 0.5419375909456732
44 45 0.6683060316812913
44 43 6.660991089285727
45 44 0.6683060316812913
46 44 0.5419375909456732
47 40 1.371381535706577
47 42 14.028519727389028
47 39 23.876602386430836
48 64 2.8570505490994353
48 51 15.57121429739536
48 159 4.2992574915775235
49 59 0.7236685467353001
49 50 5.755199253416931
49 55 6.695482060259121
50 39 12.667497126473997
50 24 1.1890710216424745
50 49 5.755199253416931
51 53 2.508432941459645
51 48 15.571214297395363
51 52 1.0774411517948492
52 51 1.0774411517948492
53 55 1.9683695292936427
53 51 2.508432941459645
53 54 3.6638677023882757
54 53 3.6638677023882757
55 49 6.6954820602591205
55 53 1.9683695292936427
55 56 5.993894271117372
56 58 0.7442140209444363
56 55 5.993894271117374
56 57 1.970028468643301
57 56 1.970028468643301
58 56 0.7442140209444363
59 49 0.7236685467353001
60 61 7.736879156980538
60 64 8.297677634758035
60 11 4.028307160894437
61 63 0.6181551232770977
61 62 0.4857531773257132
61 60 7.736879156980538
62 61 0.4857531773257132
63 61 0.6181551232770977
64 48 2.8570505490994353
64 142 6.327198151524036
64 60 8.297677634758035
65 142 5.423523027614723
66 159 2.8381774988871196
66 165 5.97043415899246
66 137 129.95619586136365
67 70 4.897007323136356
67 137 22.750646290112172
67 12 6.666043943034592
68 70 0.2682094042566681
69 70 0.5095198556571193
70 68 0.2682094042566681
70 69 0.5095198556571193
70 67 4.897007323136356
71 75 3.337953797255792
71 72 4.137295803403733
71 131 6.294602977561081
72 73 0.8737535576519941
72 74 1.984385346850266
72 71 4.137295803403733
73 72 0.8737535576519941
74 72 1.984385346850266
75 71 3.337953797255792
75 76 4.556699530546427
75 79 5.898603931515796
76 78 1.554160449253243
76 75 4.556699530546427
76 155 4.313740155080673
77 154 1.9128545425821317
78 76 1.554160449253243
79 82 7.179938843512708
79 75 5.898603931515796
79 83 14.967669751391247
80 82 0.6701686237762587
81 82 0.48111213918980705
82 80 0.6701686237762587
82 81 0.48111213918980705
82 79 7.179938843512708
83 84 1.5846802325677085
83 79 14.967669751391247
83 87 2.6471879353203316
84 86 0.583383993052975
84 85 0.5753922039749717
84 83 1.5846802325677085
85 84 0.5753922039749717
86 84 0.583383993052975
87 88 4.449126545753368
87 83 2.6471879353203316
87 90 10.547115913482273
88 157 1.1278073140633196
88 87 4.4491265457533675
88 169 1.2617791674365955
89 91 8.133308138433977
89 95 9.750429429111126
89 107 10.696850006313653
90 91 9.772443368671661
90 87 10.547115913482273
90 114 9.36037712774245
91 92 1.0562715734238945
91 90 9.772443368671658
91 89 8.133308138433978
92 91 1.0562715734238945
93 95 4.009540691860249
93 1 1.5748968724589387
93 94 4.779977973946849
94 95 0.9013503227189141
94 93 4.779977973946849
94 96 7.322055237268819
95 93 4.009540691860249
95 94 0.9013503227189141
95 89 9.750429429111126
96 94 7.322055237268819
97 100 11.140883690744715
97 133 51.457183065249936
97 98 16.085081044236723
98 99 0.7330081602645734
98 97 16.085081044236723
98 145 2.8134466630299633
99 98 0.7330081602645734
100 101 17.88862208352512
100 102 3.0963374255895966
100 97 11.140883690744715
101 100 17.88862208352512
102 104 7.048553850692007
102 148 5.80328066045836
102 100 3.0963374255895966
103 148 2.0130773775016597
103 151 4.915118516295871
103 228 4.041338289522055
104 150 1.2828653078323142
104 102 7.048553850692008
104 149 1.6693095015897816
105 151 1.118797865374405
106 216 2.5838000433152146
106 188 3.314388307494344
106 214 3.818414676313223
107 152 1.4900491146809536
107 89 10.696850006313653
107 228 5.965693706588708
108 109 1.5722532398165563
108 110 5.256788653968087
108 190 2.0916491209354833
109 108 1.5722532398165563
110 186 2.8697100462747542
110 108 5.256788653968086
110 121 2.412194803293956
111 163 23.88688230021717
111 6 20.903312358830192
111 112 18.34431611088359
112 141 2.2956403541408705
112 113 4.258161602224427
112 111 18.34431611088359
113 112 4.258161602224428
114 130 3.7840906288600236
114 90 9.36037712774245
114 1 4.026069743625734
115 130 0.9455829593390229
116 139 4.605967040068568
116 182 2.618872403996002
116 231 4.963348585808672
117 191 12.83016530267844
117 3 4.974234946255375
117 118 5.621163870718712
118 117 5.6211638707187115
119 156 5.052373753438499
119 175 3.061403733487661
119 177 0.4334689733101463
120 178 0.3852095955418414
121 110 2.412194803293956
122 135 12.790778880663229
122 123 9.764621055737027
122 7 434.05841893441584
123 13 2.568695851415149
123 158 8.064239705844095
123 122 9.764621055737027
124 2 17.97424231655678
125 12 22.646419047940828
126 14 1.5224767017983285
127 178 2.98646499977005
128 167 0.5489636283639874
128 129 0.5891297568519362
128 130 3.679449425449638
129 128 0.5891297568519362
130 115 0.9455829593390229
130 114 3.784090628860023
130 128 3.679449425449638
131 230 2.220169555430478
131 132 8.076220196149027
131 71 6.294602977561081
132 131 8.076220196149025
133 97 51.457183065249936
133 7 125.09348674201925
133 143 5.373784245762808
134 14 4.040294864109683
135 122 12.79077888066323
136 137 4.999776658496248
137 67 22.750646290112172
137 66 129.95619586136365
137 136 4.999776658496248
138 141 2.1946165725825044
139 116 4.605967040068568
139 141 2.6077322435180377
139 140 3.0103241153694715
140 139 3.0103241153694715
141 112 2.2956403541408705
141 139 2.6077322435180377
141 138 2.1946165725825044
142 179 0.8169462771090097
142 64 6.327198151524036
142 65 5.423523027614723
143 133 5.373784245762808
144 145 0.7244670617154111
145 144 0.7244670617154111
145 146 0.7080322109380266
145 98 2.8134466630299633
146 145 0.7080322109380266
147 148 5.694492735417184
148 103 2.0130773775016597
148 102 5.80328066045836
148 147 5.694492735417184
149 104 1.6693095015897816
150 104 1.2828653078323142
151 184 0.8536882249738108
151 105 1.118797865374405
151 103 4.915118516295871
152 190 3.8491038882486053
152 107 1.4900491146809536
152 227 10.352842421066562
153 154 2.4478615169735662
154 155 1.455462184416816
154 77 1.9128545425821322
154 153 2.4478615169735662
155 76 4.313740155080673
155 154 1.455462184416816
155 168 4.556409938389904
156 119 5.052373753438499
156 176 0.44238829630184945
156 4 6.4666776294617145
157 88 1.1278073140633196
158 123 8.064239705844095
159 66 2.8381774988871196
159 48 4.2992574915775235
159 160 4.443811023195942
160 159 4.443811023195942
161 162 1.141873253056383
161 183 0.8515118557394918
161 165 4.020087787022271
162 161 1.141873253056383
163 11 10.687635919874452
163 111 23.88688230021717
163 164 2.930895833694651
164 163 2.930895833694651
165 161 4.020087787022271
165 66 5.97043415899246
165 166 2.913669674419762
166 165 2.913669674419762
167 128 0.5489636283639874
168 155 4.556409938389904
169 88 1.2617791674365955
170 173 3.68694650478817
171 173 2.5068363278841717
172 17 3.070551185562994
173 15 1.147080833489882
173 16 5.196568380338994
173 170 3.6869465047881707
173 171 2.5068363278841717
174 175 0.5054471617215015
175 174 0.5054471617215015
175 178 0.20290170437655125
175 119 3.061403733487661
176 156 0.44238829630184945
177 119 0.4334689733101463
178 120 0.3852095955418414
178 175 0.20290170437655125
178 127 2.98646499977005
179 142 0.8169462771090097
180 27 3.473845086658151
181 182 2.252776588941525
182 232 2.7303246296352475
182 116 2.618872403996002
182 181 2.252776588941525
183 161 0.8515118557394918
184 151 0.8536882249738108
185 186 0.6562837318681979
186 188 0.17212286670959134
186 185 0.6562837318681979
186 110 2.8697100462747542
187 188 2.618588344045941
188 186 0.17212286670959134
188 106 3.3143883074943443
188 187 2.618588344045941
189 190 2.5586713809942925
190 108 2.0916491209354833
190 152 3.8491038882486053
190 189 2.5586713809942925
191 117 12.83016530267844
192 193 8.478658665959863
192 227 2.151810416219579
192 194 5.784894051161837
193 197 0.529972178173941
193 192 8.47865866595986
193 223 2.4977649613693553
194 192 5.784894051161837
195 196 2.073277334010592
196 195 2.073277334010592
196 220 4.145625043292628
196 197 4.99980147252928
197 193 0.529972178173941
197 219 3.3927386483639292
197 196 4.999801472529281
198 34 0.46323677542606234
198 199 0.5372208264206834
198 33 3.7146868574632563
199 198 0.5372208264206834
200 201 3.520706983191798
201 200 3.520706983191798
201 37 8.217424859785197
201 36 6.580437415259626
202 210 1.6166015993430507
203 208 2.192291078305767
204 209 1.9856468478854923
205 207 2.499728051672594
206 207 1.572366357217601
207 205 2.4997280516725944
207 206 1.572366357217601
207 208 4.143016710247947
208 203 2.192291078305767
208 207 4.143016710247947
208 209 1.6148776092276729
209 204 1.9856468478854923
209 208 1.6148776092276729
209 210 6.604086069410323
210 202 1.6166015993430507
210 209 6.604086069410323
210 43 4.87184973003302
211 38 0.27762880132812123
212 38 0.35722138190505703
213 214 0.8722008599091654
214 213 0.8722008599091654
214 106 3.818414676313223
214 216 1.8725734943412478
215 216 1.0947804786313642
216 106 2.5838000433152146
216 214 1.8725734943412478
216 215 1.0947804786313642
217 219 3.5776508095277206
218 219 4.342527918835404
219 197 3.3927386483639292
219 217 3.5776508095277206
219 218 4.342527918835404
220 196 4.145625043292627
221 223 2.1696987285779366
222 223 1.164320167715451
223 222 1.164320167715451
223 221 2.1696987285779366
223 193 2.4977649613693553
224 226 0.637391490115173
225 226 0.6339807391644122
226 224 0.637391490115173
226 225 0.6339807391644122
226 227 6.58888182544392
227 192 2.1518104162195795
227 152 10.35284242106656
227 226 6.58888182544392
228 107 5.965693706588708
228 103 4.041338289522055
228 229 3.3778545225587
229 228 3.3778545225587
230 131 2.2201695554304774
231 116 4.963348585808672
232 182 2.7303246296352475
