0 3 25.96777619609229
0 4 3.1073394479287866
1 38 3.8762492432379734
1 128 5.115909748326979
2 37 9.439406398186568
3 0 25.96777619609229
3 128 8.7451754414185
4 0 3.107339447928786
4 9 10.489636162346342
4 5 18.60117541271101
5 6 20.574651521474486
5 4 18.601175412711015
6 118 19.273315166801726
6 5 20.574651521474486
6 120 15.377220749964412
7 118 4.514484401253029
7 34 17.476454614741034
7 8 23.63706801147147
8 43 11.597606808786923
8 7 23.63706801147147
9 23 5.06207766987839
9 4 10.489636162346338
9 74 17.02827835068682
10 11 19.002960584154714
10 23 2.982058749871842
10 78 16.761174887857898
11 12 6.393400293918501
11 10 19.002960584154714
11 66 12.506694464708684
12 11 6.3934002939185
12 13 4.973789516355574
12 14 4.144478641359763
13 14 2.838994179477945
13 15 9.366255704669381
13 12 4.973789516355575
14 13 2.838994179477945
14 60 11.115952032087941
14 12 4.144478641359763
15 13 9.366255704669381
15 16 6.193234243427753
16 17 14.803237360499864
16 15 6.193234243427753
16 92 14.07468928913636
17 18 18.24124982859587
17 16 14.803237360499864
17 119 35.52425670839542
18 19 8.05212805280926
18 17 18.241249828595866
18 102 22.168730302870944
19 114 8.508361971156813
19 20 23.761691916090346
19 18 8.052128052809264
20 21 4.34062744680826
20 28 28.240630012125795
20 19 23.761691916090346
21 20 4.34062744680826
21 115 16.50672695155074
22 46 2.4061869607868274
22 87 9.09694244511562
22 23 8.851868481007013
23 10 2.982058749871842
23 9 5.06207766987839
23 22 8.851868481007013
24 53 1.0842647172424782
24 70 7.9842321582479565
24 30 9.880432361820674
25 55 3.5086618263654605
26 155 4.937468048003193
26 81 21.76755469307616
26 41 5.488583729806536
27 57 4.268736075375431
28 162 3.6903346855859884
28 149 9.001402782547656
28 20 28.240630012125795
29 77 1.20483093180898
29 65 18.71556247324165
29 38 9.291564445395956
30 24 9.880432361820674
31 107 11.314662881354586
31 119 11.137815361065147
31 151 23.70377682980734
32 91 2.273281945635131
33 70 10.632844092675189
34 36 5.883104074665352
34 56 7.665392984486167
34 7 17.476454614741034
35 105 2.772266204597728
35 48 8.1381960817704
35 60 10.910431454077244
36 136 1.8055991829116964
36 98 7.432193372179205
36 34 5.883104074665352
37 55 8.3065880000688
37 2 9.439406398186568
37 38 9.955102005135236
38 37 9.955102005135236
38 1 3.8762492432379734
38 29 9.291564445395956
39 143 0.8891396273016025
40 65 19.7091090148355
41 26 5.488583729806536
41 144 8.60888253156123
41 117 8.941903848844351
42 63 2.7975397240463455
43 8 11.597606808786923
43 88 18.7705673586471
43 90 4.724868947506439
44 45 2.5716693615177806
44 46 1.4534452652614218
44 137 1.4033700961216178
45 44 2.5716693615177806
46 44 1.4534452652614218
46 22 2.4061869607868274
46 133 3.7432518332508904
47 108 4.0182688089971546
48 82 5.837010058652178
48 105 7.765285918214066
48 35 8.1381960817704
49 108 7.194099454075154
49 114 2.7782078249689177
50 94 12.470302035686771
51 149 0.6295717573499057
52 97 18.612249180837455
53 68 6.118033801072495
53 82 6.384270426056253
53 24 1.0842647172424782
54 77 28.492618746152903
55 37 8.3065880000688
55 123 4.579205203921142
55 25 3.5086618263654605
56 34 7.665392984486167
57 101 6.246385355306084
57 89 9.051079316595999
57 27 4.268736075375431
58 158 0.6450309283714263
59 139 0.8852498339276392
60 14 11.115952032087941
60 35 10.910431454077246
60 80 10.609108972305783
61 63 14.550969186008887
61 72 7.412541517071871
62 111 11.404895117976192
62 72 9.93904295635411
62 120 19.77399419526977
63 42 2.7975397240463455
63 86 7.642393399422625
63 61 14.550969186008887
64 107 3.624845492211475
65 78 7.462735171477785
65 40 19.7091090148355
65 29 18.71556247324165
66 109 3.3852791674192884
66 126 38.24071760781936
66 11 12.506694464708684
67 146 3.8500957706650625
68 53 6.118033801072495
69 121 8.53641103965213
69 153 14.694724261063463
69 70 6.2479068034552485
70 24 7.9842321582479565
70 33 10.632844092675187
70 69 6.2479068034552485
71 153 0.7765591788605081
72 62 9.93904295635411
72 61 7.412541517071871
73 103 2.407144160894435
73 84 2.713593602875584
73 113 4.13270570699686
74 9 17.02827835068682
75 132 0.9770504646917839
76 122 9.286549827655852
76 101 6.4204885607720605
76 88 3.6616265963023884
77 29 1.20483093180898
77 54 28.492618746152903
77 99 11.569329654915089
78 65 7.462735171477785
78 95 15.906241239956902
78 10 16.761174887857898
79 82 14.993006250228731
80 15 14.960502323136884
80 113 8.189504206758242
80 60 10.609108972305783
81 88 6.979377184760447
81 26 21.76755469307616
81 156 17.92085599656225
82 48 5.837010058652178
82 53 6.384270426056253
82 79 14.993006250228731
83 123 5.494078234340087
84 103 2.4923871213470146
84 117 13.629281161779568
84 73 2.713593602875584
85 97 5.704775822668489
86 63 7.642393399422625
87 22 9.09694244511562
88 43 18.7705673586471
88 81 6.979377184760448
88 76 3.6616265963023884
89 57 9.051079316595999
89 91 30.324504219114107
89 100 17.51295278942213
90 91 1.6443617441313965
90 43 4.724868947506439
90 143 4.611908518216608
91 90 1.6443617441313965
91 32 2.273281945635131
91 89 30.324504219114107
92 16 14.07468928913636
92 129 6.888927187741639
92 130 12.544766676301503
93 102 6.051968243616564
94 108 4.604072839750599
94 160 14.75831751102326
94 50 12.470302035686771
95 78 15.906241239956902
96 120 12.69276989938148
97 85 5.704775822668489
97 112 11.529530295425404
97 52 18.612249180837452
98 135 0.8064246059550525
98 138 0.6548385314749301
98 146 2.247377798127108
98 36 7.432193372179205
99 163 12.295407331412811
99 127 25.923437120551526
99 77 11.569329654915089
100 89 17.512952789422126
101 57 6.246385355306084
101 158 14.423817221589111
101 76 6.4204885607720605
102 93 6.051968243616564
102 18 22.168730302870944
102 119 29.051910159171673
103 84 2.4923871213470146
103 116 7.57518170864502
103 73 2.407144160894435
104 125 3.8448127867870396
104 139 6.445435049140608
104 118 5.747979212813063
105 48 7.765285918214068
105 106 10.746222465659901
105 35 2.772266204597728
106 105 10.746222465659903
107 64 3.624845492211475
107 31 11.314662881354586
107 109 21.496725511787062
108 94 4.604072839750599
108 47 4.0182688089971546
108 49 7.194099454075152
109 151 7.348136294410403
109 107 21.496725511787062
109 66 3.3852791674192884
110 155 0.9765360271536426
111 112 2.4526992763965967
111 62 11.404895117976192
112 111 2.4526992763965967
112 145 5.969188483906455
112 97 11.529530295425404
113 121 15.563740792596917
113 80 8.189504206758242
113 73 4.13270570699686
114 19 8.508361971156813
114 49 2.7782078249689177
115 147 1.0916305786573688
115 141 1.851506877334185
115 21 16.50672695155074
116 103 7.57518170864502
117 121 10.066546780209872
117 41 8.94190384884435
117 84 13.629281161779568
118 7 4.514484401253029
118 104 5.747979212813063
118 6 19.27331516680173
119 31 11.137815361065147
119 17 35.52425670839542
119 102 29.051910159171673
120 96 12.69276989938148
120 6 15.377220749964412
120 62 19.773994195269772
121 113 15.563740792596917
121 69 8.53641103965213
121 117 10.06654678020987
122 76 9.286549827655852
123 124 3.291765140330482
123 83 5.494078234340087
123 55 4.579205203921142
124 123 3.291765140330482
125 104 3.8448127867870396
126 66 38.24071760781936
127 99 25.923437120551526
128 1 5.115909748326979
128 3 8.82905975455497
129 92 6.888927187741639
130 92 12.544766676301503
131 132 0.7615243074596518
132 146 3.344804591967688
132 75 0.9770504646917839
132 134 1.1845050928502525
132 131 0.7615243074596518
133 46 3.7432518332508904
134 132 1.1845050928502525
135 98 0.8064246059550525
136 36 1.8055991829116964
137 44 1.4033700961216178
138 98 0.6548385314749301
139 59 0.8852498339276392
139 104 6.445435049140608
139 140 5.15314820100671
140 139 5.15314820100671
141 115 1.851506877334185
142 143 1.0828113938941781
143 39 0.8891396273016025
143 142 1.0828113938941781
143 90 4.611908518216608
144 41 8.60888253156123
145 112 5.969188483906455
146 132 3.344804591967688
146 98 2.247377798127108
146 67 3.8500957706650625
147 115 1.0916305786573688
148 149 0.590756897106519
149 51 0.6295717573499057
149 148 0.590756897106519
149 28 9.001402782547656
150 151 0.7784310374687607
151 109 7.348136294410403
151 150 0.7784310374687607
151 31 23.70377682980734
152 153 0.5785640105556258
153 71 0.7765591788605081
153 152 0.5785640105556258
153 69 14.694724261063461
154 155 0.6847402151194278
155 110 0.9765360271536426
155 26 4.937468048003193
155 154 0.6847402151194278
156 81 17.920855996562246
157 158 0.6965696311299558
158 58 0.6450309283714263
158 157 0.6965696311299558
158 101 14.423817221589111
159 160 0.48752363983293373
160 159 0.48752363983293373
160 161 0.4840825411422306
160 94 14.75831751102326
161 160 0.4840825411422306
162 28 3.6903346855859875
163 99 12.295407331412811
