0 1 0.817689487302815
1 2 1.5655270060208208
1 1137 3.1944797438196293
2 3 0.41393524406043913
4 5 0.7457003748383406
4 79 1.315684652018621
5 6 0.9471289545210905
6 8 1.082388540595304
6 13 1.7832780865662925
7 9 1.0153673119157103
7 77 3.2382975422213747
8 7 0.19166627975814507
9 10 0.3954718514420562
10 11 1.0414031118744158
10 12 1.7458572623915822
11 4 0.4770062236574457
12 1457 38.37258907818284
12 11 1.6365529729562867
13 8 1.7872584576096195
13 1515 29.131370825234914
14 15 0.4500362982840775
15 16 1.010076397425625
15 35 3.7353636631661735
16 17 0.1353817654052246
17 20 1.364860175774506
17 1457 1.7099267788574402
18 14 0.8642702357430608
18 19 1.5834597904608159
19 21 23.570656654077176
19 14 1.5990650859332523
20 659 0.1782033918142062
21 28 7.599980141725629
21 19 23.57065665407718
21 448 7.0845828517137965
22 28 2.718100975623012
22 23 1.6660216693881398
23 24 0.3057456341348332
24 445 7.176285339289066
24 25 1.2305188403023795
25 26 0.47588723762302476
26 29 6.196117850634267
26 27 1.7041235704125104
27 1190 0.28572796545562495
28 21 7.599980141725631
28 23 2.382441830867896
29 1481 27.832138930937017
30 1135 28.082664226421254
30 1481 3.0069580940396343
31 1486 18.255738492978626
31 1482 7.503751210452867
32 242 10.050126839659503
33 1482 12.688528340740152
34 1520 1.4569571542084876
35 87 4.010658591925556
35 16 3.78229072516316
36 661 7.884764214537008
36 1209 21.63851222627838
36 456 14.929037423659327
37 712 6.17094063322691
37 38 4.97493795553205
37 1138 6.3902519604680235
38 522 11.585163970360489
38 37 4.97493795553205
38 39 8.736029642995867
39 522 16.492451506915675
39 38 8.736029642995867
39 40 7.1006000983347555
40 114 2.7385813061607753
40 517 6.251661142643812
40 41 3.6275453716200357
40 39 7.100600098334754
41 518 4.143559662125277
41 42 9.151685922771101
41 40 3.6275453716200357
42 620 2.3531262238089092
42 918 6.801226952324599
42 41 9.151685922771101
43 918 1.2593062641415727
43 914 2.1946301895790876
43 1237 5.51900228238037
44 126 11.728927612092345
44 1045 37.97603069000032
44 1237 5.384092126467801
45 46 9.98702912549566
45 1239 17.595844661479532
45 1043 6.692658308859148
46 47 17.95605307796737
47 49 9.704679506111905
47 48 8.992352751785472
48 50 21.82307114141066
49 48 4.848400604953674
50 1391 6.641616122110512
50 51 1.588283018280789
51 52 20.566979229570425
52 1466 15.877936887253943
52 1389 6.985364117273363
54 1107 3.1337676950403823
54 1116 10.36866068797987
55 1104 12.494211059911008
55 1523 8.135321637266081
56 46 5.974573242132541
56 45 9.215601660152887
57 1448 2.0564739915157704
57 90 1.926387832520073
58 268 19.21478433919993
58 59 4.418668112098353
59 1456 0.7630554509714303
59 1122 8.663919568397935
60 1018 3.979017601886828
61 1234 4.826040865086947
61 60 1.7699186609631656
62 1148 11.415592524196498
62 63 8.330504460891525
62 435 3.630417399426931
63 64 15.358117941613042
63 62 8.330504460891525
63 464 4.675567861590651
64 663 5.144624280060371
64 65 6.539586357226349
64 63 15.358117941613044
65 1415 13.381237728800633
65 66 29.32527203229045
65 64 6.539586357226349
66 664 19.66388316644814
66 147 3.3382437393232696
66 65 29.325272032290446
67 1228 1.7433868643472838
67 484 9.029757785257344
68 73 2.453832964287713
68 69 1.1283664972721663
69 482 0.9833761408563534
70 71 1.1185172036543958
70 125 2.2557065559847205
71 72 0.37638387586526684
72 67 1.7281413965858219
72 1228 0.9773353603721117
73 74 2.880003079646415
73 69 2.0404565154882417
74 75 1.0520465106727155
74 73 2.880003079646415
75 76 1.1998582612146542
76 77 0.8242004780537125
76 9 3.3634966962110124
77 78 2.136843331631994
78 74 1.229170905097711
78 75 0.6689300995797859
79 5 1.3870469889862445
80 366 3.7572881360968875
80 432 4.4280357256978125
80 1148 5.431450817396029
81 85 1.1316478450552916
81 432 5.347567230710902
82 269 1.4442797975064774
82 83 0.8540665927509755
83 84 2.0087517530770795
84 81 1.1950102089324848
84 85 1.1348424925517966
85 270 0.745683457739907
86 451 20.353351297154425
86 257 8.441508042592233
86 269 8.663430243752122
87 35 4.010658591925556
87 449 44.89985213341725
87 89 12.379229516697414
88 89 13.9652271294544
89 88 13.9652271294544
89 87 12.379229516697414
90 1448 2.892148292031079
90 91 18.656658827784522
91 90 18.656658827784522
91 1269 2.8786930592271354
92 1474 0.777610398661738
92 1469 1.7576205066453312
93 139 9.468351629753954
93 179 5.52361357324449
93 1271 18.33779647458775
94 179 3.9627959082267377
94 95 5.924132580367336
95 109 7.354401644180738
95 96 12.37701976718378
95 94 5.924132580367336
96 97 6.273359779467973
96 98 5.198079123132748
96 95 12.377019767183778
97 96 6.273359779467973
98 99 22.611297589632144
98 97 4.873969844331235
99 108 2.1571396387547925
99 1484 1.4930430658245208
99 98 22.61129758963214
100 1484 23.179580165051277
100 154 11.189275605662369
100 168 3.689735314580736
101 1268 6.431563918093488
101 154 6.143891025583665
102 107 1.5171905973581192
102 103 0.9143867587747954
103 104 1.2814937580893861
104 187 1.850711786333121
104 105 0.7465162749675129
105 106 0.5481444422126347
106 101 6.3331002230705025
106 1268 0.825315779149881
107 103 1.4979061127637543
107 426 14.544826338137097
108 99 2.1571396387547925
108 109 5.557051486202848
108 1464 30.136409540801264
108 1484 1.4311262348270948
109 1429 3.719234942536139
109 108 5.557051486202848
110 446 3.89813569503533
110 1198 16.412703603237347
110 1195 13.315681166462296
111 1113 2.010014655292412
111 1114 4.534949817027199
111 975 7.488225216517489
112 113 1.365963621713774
113 112 1.365963621713774
113 1417 6.851275994969218
113 1114 6.738317809827844
114 40 2.7385813061607753
114 1261 2.1900059865663324
114 619 12.07796057648497
115 116 5.471675843709516
115 708 11.1295827108357
115 605 4.76876914733518
116 115 5.471675843709516
116 117 23.749649204408534
116 133 7.486271684700169
117 608 7.8536981801598165
117 118 4.381269945274768
117 116 23.749649204408534
118 119 7.111022605485351
118 117 4.381269945274768
118 650 1.9547511100991153
119 598 5.43293738987234
119 520 5.0031682785087375
119 118 7.11102260548535
120 595 12.524046615656085
120 516 15.844101116028401
120 520 10.545079858434688
121 687 3.649947940564852
121 512 10.539211494210523
121 1293 30.877298624239117
122 1293 8.311671264064282
122 670 6.783332814275869
122 123 8.65853837182841
123 488 7.970950034892848
123 124 6.026315035507897
123 122 8.65853837182841
124 487 3.9963849897302786
124 125 14.176702837526253
124 123 6.026315035507897
125 71 2.364137281801162
125 124 14.176702837526253
126 727 11.25939516176754
126 44 11.728927612092345
126 1143 6.011923838634642
127 128 10.330678825216646
127 724 17.572054637928808
127 740 7.888920756695619
128 721 5.166292774204398
128 129 9.342597712879888
128 127 10.330678825216646
129 130 11.90528063685156
129 128 9.342597712879888
129 747 16.694478421686586
130 131 5.167168064905902
130 129 11.90528063685156
130 741 21.919920084783325
131 132 12.250127731326632
131 130 5.167168064905902
131 758 8.197223569227985
132 731 4.2216119814020905
132 133 10.033647457182214
132 131 12.25012773132663
133 132 10.033647457182212
133 735 8.068279489272259
133 116 7.486271684700169
134 650 3.224706619419169
134 867 7.862246924232164
134 656 9.076160302302712
135 816 2.7480644017904203
135 832 9.52361681054955
135 869 8.08592220805805
136 849 2.8373091448256575
136 763 12.097303519275053
136 832 4.632076880120094
137 683 6.36522607389886
137 543 12.500559760322925
137 897 6.841126971980138
138 672 4.671741574789763
138 686 5.360601805918535
138 671 11.128297434866298
139 140 2.9758571340562905
139 93 9.468351629753954
139 142 6.9022203633021375
140 139 2.9758571340562905
140 141 2.470470942718606
140 180 4.7380708154884275
141 422 1.4440429407773818
141 140 2.470470942718606
141 1170 0.8859179964362774
142 1462 0.8558607319816622
142 420 5.048553193184741
142 139 6.9022203633021375
143 420 1.088923814196036
144 146 2.0977452160442214
144 1530 8.04644285025176
144 1016 3.6199569781421688
144 443 5.893481427362461
145 1530 5.560194235599201
146 265 1.151221947611229
146 144 2.0977452160442214
146 1530 12.604571109387553
147 477 2.041666137101178
147 472 5.658861899526516
147 66 3.3382437393232696
148 476 2.0369348352368535
148 480 7.366989568790656
148 472 15.965289694416795
149 665 3.5447482363597635
149 476 10.544720803907717
149 477 37.91524102696756
150 165 4.011883463973924
150 151 2.2381730981738226
150 153 3.6943581088650124
151 171 6.20096052845247
151 1403 8.283396775810841
151 150 2.2381730981738226
152 175 6.16724268644892
152 153 5.736227610281918
152 154 2.936600912653502
153 428 1.332516828948428
153 150 3.6943581088650124
153 152 5.736227610281918
154 100 11.189275605662365
154 101 6.143891025583665
154 152 2.9366009126535024
155 156 1.4831436047449085
155 1225 5.312863875157744
155 157 7.005141273144062
156 155 1.4831436047449085
157 155 7.005141273144062
157 158 5.747454037086072
157 162 2.2656005400173758
158 157 5.747454037086072
158 159 4.066944556897459
158 160 6.223034835311405
159 163 5.9258275007666485
159 158 4.066944556897458
159 1403 2.121781683602862
160 1532 3.045717189703774
160 161 1.26139714724551
160 158 6.223034835311404
161 160 1.26139714724551
162 157 2.2656005400173758
163 159 5.9258275007666485
164 167 5.450758464013721
164 1401 11.92415697887943
164 428 3.9045739056666866
165 150 4.011883463973924
166 167 3.316506920288392
167 169 3.1263394059570992
167 166 3.316506920288392
167 164 5.450758464013721
168 1399 1.3944392319076429
168 100 3.689735314580736
168 1397 1.6440832615728498
169 167 3.1263394059570992
170 176 6.35052639046942
170 1392 12.14626509878284
170 1396 5.385977124055926
171 172 0.9426713725427998
171 186 6.403584639418036
171 151 6.2009605284524705
172 173 3.8193217953332907
172 171 0.9426713725427998
172 174 3.244791082931709
173 172 3.8193217953332907
174 172 3.244791082931709
175 152 6.167242686448919
176 170 6.35052639046942
177 1392 2.7747199826661713
178 1392 2.059013875392938
179 94 3.9627959082267377
179 93 5.52361357324449
180 181 7.772037647177726
180 140 4.7380708154884275
180 184 5.863239635042806
181 183 1.8397895765012962
181 1169 1.1946714107140979
181 180 7.772037647177726
182 184 2.6337957159692933
183 181 1.8397895765012962
184 182 2.6337957159692933
184 1168 0.9365363400871208
184 180 5.863239635042806
185 1265 2.782686008467137
185 192 3.153123202674857
185 190 13.923654560585954
186 171 6.403584639418036
187 105 1.8951887110355132
187 188 14.857804444192732
188 1185 6.634036193663624
188 1368 8.541830893242645
188 187 14.857804444192732
189 430 3.8734840503973884
189 1374 6.2864651139518415
189 1368 8.836719174279356
190 185 13.92365456058595
190 1178 1.588689973251012
190 1364 2.322180735931713
191 201 8.002006935601631
191 192 6.843683916277004
191 218 7.664926843776473
192 191 6.843683916277004
192 185 3.153123202674857
192 219 7.902526773908616
193 1265 3.71111220716743
193 194 5.4776195822335
193 1183 6.7934528818668865
194 193 5.4776195822335
194 1267 2.5727167236037123
194 1340 5.816167396316351
195 1267 1.4779033274773217
195 196 4.825299992493272
195 1266 3.1842033812043167
196 197 1.4186869970503888
196 195 4.825299992493272
196 1355 3.217065536695789
197 196 1.4186869970503888
197 202 11.442218934158708
197 226 6.952974215710676
198 1172 0.8337706532341258
198 199 2.240023365164386
198 200 3.7342720168266696
199 198 2.240023365164386
200 201 2.9254558466279796
200 198 3.7342720168266696
200 1338 2.5302133402458735
201 200 2.9254558466279796
201 222 7.057771505208121
201 191 8.002006935601631
202 228 3.0444289524204353
202 197 11.442218934158708
202 1405 7.281970737893226
203 1171 4.5536226700566
204 212 1.8430774803643832
204 211 0.8280048002564271
204 206 3.0066355939764335
205 1380 1.461188930423691
206 204 3.0066355939764335
206 1380 0.8416000077386321
206 223 5.544078456001239
207 208 2.488080087907351
208 1381 2.204962997402916
208 213 3.6799647083787947
208 207 2.488080087907351
209 216 5.311486122816793
210 214 5.676932371562784
211 204 0.8280048002564271
212 204 1.8430774803643832
213 423 1.2785278764631895
213 208 3.6799647083787947
213 217 6.477962937342921
214 210 5.676932371562784
214 223 5.084913659517441
214 215 3.479798752651547
215 214 3.4797987526515484
215 216 5.591157778898801
215 425 4.880726983937939
216 215 5.5911577788988005
216 217 2.7464418214877906
216 209 5.311486122816793
217 216 2.74644182148779
217 224 3.125597671224944
217 213 6.477962937342921
218 220 6.5853342969096
218 221 1.6811824448146546
218 191 7.664926843776471
219 1375 0.8274482237806563
219 1376 0.7968505746831912
219 192 7.902526773908616
220 218 6.5853342969096
220 1377 0.5524515924321335
220 1378 0.5682044093850158
221 218 1.6811824448146546
222 223 1.9502071220124202
222 201 7.057771505208121
222 1171 6.803523454111734
223 222 1.9502071220124202
223 214 5.084913659517441
223 206 5.544078456001239
224 1385 1.0219315300050344
224 217 3.1255976712249445
224 1387 4.34347445415682
225 1385 2.6374305387229633
225 1383 2.810017892189856
225 234 6.5076324375410195
226 1363 1.7749981110726238
226 197 6.952974215710676
226 227 1.995666157496725
227 1359 1.8869686512418395
227 232 5.044674271135799
227 226 1.995666157496725
228 231 3.452472246310523
228 1359 0.5485268684605132
228 202 3.0444289524204353
229 1350 3.218395111723544
229 1187 3.769305201192655
229 1184 5.699171996600458
230 1179 0.8477398925410521
231 228 3.452472246310523
232 227 5.044674271135799
233 1387 1.8430367909603453
234 225 6.5076324375410195
235 1355 1.731754158201804
235 1356 0.8301895585500654
235 1357 1.0688366320162062
236 1266 0.6572383627195145
237 1161 9.539512494506619
237 241 41.62534621768592
237 238 8.60657586677988
238 237 8.60657586677988
239 244 3.84460136137725
240 239 1.4833354624328763
240 241 2.1771393771372636
241 237 41.62534621768593
241 239 2.086383320634571
242 243 11.311872316963534
242 245 9.018765788105002
243 240 0.8253438194107572
244 245 12.965335551710432
244 243 1.5612285743203174
246 248 1.7919188025801678
246 247 6.871773421387867
247 357 3.2302397800868277
247 255 11.589899732150544
247 246 6.871773421387868
248 82 0.3733127541201848
249 283 7.447888105107818
249 251 6.364067208392271
249 261 5.093917180581494
250 369 9.655238226992282
250 251 3.936117692655636
250 254 4.906869831797797
251 279 10.247420542799974
251 249 6.364067208392271
251 250 3.936117692655636
252 254 3.6943638263190137
252 253 4.627293179081134
252 359 5.293860251053039
253 252 4.627293179081134
253 339 5.810973449525542
253 255 8.253709686223214
254 252 3.6943638263190137
254 273 14.010987515537163
254 250 4.906869831797797
255 262 3.878546504153958
255 253 8.253709686223214
255 247 11.589899732150544
256 409 5.293896349626584
256 259 5.520569735550913
256 257 5.510118303090324
257 256 5.510118303090324
257 445 3.281287084456816
257 86 8.441508042592233
258 259 5.0617438178514504
258 260 4.6266101081880695
258 308 7.924086626420381
259 256 5.520569735550913
259 258 5.0617438178514504
259 411 8.266960167366767
260 397 4.4721218355888315
260 258 4.6266101081880695
260 261 4.49142827139799
261 412 6.7178120777437496
261 260 4.49142827139799
261 249 5.093917180581494
262 310 2.5765459064384495
262 255 3.878546504153958
262 332 7.147978209864458
263 325 1.7457351324143746
264 268 7.5438392407538215
265 436 1.3334323362047584
265 146 1.151221947611229
265 266 10.96705962014561
266 265 10.96705962014561
267 268 6.236181415778125
268 267 6.236181415778125
268 264 7.5438392407538215
268 58 19.214784339199934
269 83 1.4394470042806118
269 86 8.663430243752122
270 246 1.4259438257111388
270 248 1.1179864278545624
271 272 1.5368747639514082
272 271 1.5368747639514082
272 339 5.649114864731144
272 274 1.8619886123039853
273 281 1.3565363835049085
273 254 14.010987515537163
273 282 6.946696591857891
274 272 1.8619886123039853
275 278 1.901658111341916
275 340 4.58089091436544
275 277 3.524621369454612
276 343 3.339254257813635
277 275 3.524621369454612
278 275 1.901658111341916
279 286 5.877654071277529
279 280 4.594362019674952
279 251 10.247420542799974
280 285 3.0820673093786266
280 284 3.629726079089489
280 279 4.594362019674952
281 273 1.3565363835049085
282 1298 0.6686661771648689
282 273 6.946696591857891
282 1299 2.6509385786789026
283 297 4.079406726918613
283 298 16.518488031782613
283 249 7.447888105107818
284 280 3.629726079089489
285 280 3.0820673093786266
286 279 5.877654071277529
287 290 4.982856978893422
288 1202 1.3189652060137647
288 1203 1.2192198891411308
288 289 5.184899493540152
289 288 5.184899493540152
289 290 5.784710097070375
289 298 6.738960279850479
290 287 4.982856978893422
290 1260 4.346598620612921
290 289 5.784710097070375
291 1260 0.8962200496875848
292 293 5.765030690092626
293 294 2.345777436417057
293 295 6.350595828498162
293 292 5.765030690092626
294 293 2.345777436417057
295 293 6.350595828498162
295 296 5.672226221992466
295 302 3.9865831655216786
296 295 5.6722262219924655
296 297 6.36091342189468
296 301 6.0432988671323935
297 296 6.36091342189468
297 283 4.079406726918613
297 299 6.174031584316043
298 306 4.568195726155699
298 289 6.738960279850479
298 283 16.518488031782613
299 297 6.174031584316043
300 301 2.4335567930505757
301 439 2.2074000784189223
301 296 6.043298867132393
301 300 2.4335567930505757
302 295 3.98658316552168
303 1156 5.020220166415325
303 304 5.331125545408155
303 305 5.619244739929811
304 1153 0.4490772049355246
304 372 6.902347942297373
304 303 5.331125545408155
305 440 4.622656856321781
305 303 5.619244739929811
305 379 3.9915558799090234
306 307 6.141075344133418
306 298 4.568195726155699
306 394 5.0947870613252135
307 306 6.141075344133418
307 392 4.97303103782958
307 393 4.571698773847716
308 406 7.262690744174739
308 258 7.924086626420381
308 309 11.580235599752813
309 1155 4.023713971368644
309 308 11.58023559975281
309 1153 10.46805081548703
310 262 2.5765459064384495
310 334 11.811836780456153
310 311 7.739711670826396
311 326 3.962270974668033
311 312 7.173257698964289
311 310 7.739711670826396
312 323 7.677399215985382
312 314 7.883569431440518
312 311 7.173257698964289
313 314 4.283096884896758
313 321 7.456215413303926
313 315 6.886257252304959
314 322 5.35645496288651
314 313 4.283096884896758
314 312 7.883569431440515
315 319 3.3292228816104497
315 317 3.440641499988919
315 313 6.886257252304959
316 317 1.020329769357444
317 316 1.020329769357444
317 318 8.708398597868662
317 315 3.440641499988919
318 317 8.70839859786866
319 1166 3.3819912548373403
319 315 3.3292228816104497
319 1167 4.603070549280109
320 1166 0.5333959068102473
321 313 7.456215413303926
322 314 5.35645496288651
323 324 1.3878361262722176
323 312 7.677399215985382
323 327 4.90007367714471
324 323 1.3878361262722176
325 263 1.7457351324143746
325 328 5.003111849499122
325 326 5.171973860830918
326 1164 5.381970243381031
326 325 5.171973860830918
326 311 3.962270974668033
327 323 4.90007367714471
328 325 5.003111849499123
329 330 1.8112142219404692
330 1256 1.022575912224387
330 1164 1.466316070552773
330 329 1.8112142219404692
331 332 3.115700658779347
332 331 3.115700658779347
332 1208 0.8437634125973027
332 262 7.147978209864458
333 334 1.0837757413832267
334 333 1.0837757413832267
334 310 11.811836780456153
334 337 6.072324916447412
335 336 1.3101626833580178
335 341 2.097543526385059
335 337 6.200602500214383
336 335 1.3101626833580178
337 338 1.6018577398865643
337 335 6.200602500214383
337 334 6.072324916447413
338 337 1.6018577398865643
339 340 2.55274569797768
339 253 5.810973449525542
339 272 5.649114864731144
340 339 2.55274569797768
340 275 4.58089091436544
340 343 7.575733640797792
341 335 2.097543526385059
342 343 1.799104578062718
343 342 1.799104578062718
343 340 7.575733640797792
343 276 3.339254257813635
344 368 2.9492305648427597
344 370 6.038452023209128
344 354 3.9115722141797606
345 355 3.1595751987008067
346 357 3.7746232779061915
347 349 0.8006795424566643
348 349 1.1920046068137125
349 347 0.8006795424566643
349 348 1.1920046068137125
349 350 4.470202291797751
350 349 4.470202291797751
350 351 5.987339024742852
350 355 6.4924988254725795
351 350 5.987339024742851
352 353 5.359815321039058
353 352 5.359815321039058
353 438 1.0758767974930559
353 354 3.643117589090233
354 353 3.643117589090233
354 355 7.422423493294311
354 344 3.9115722141797606
355 345 3.1595751987008067
355 1413 4.593653798384701
355 350 6.492498825472579
355 354 7.422423493294311
356 359 7.790307964036097
357 1413 1.0415054617396604
357 247 3.2302397800868277
357 346 3.7746232779061915
358 361 2.421891605180774
359 356 7.790307964036095
359 361 6.737439069966904
359 252 5.293860251053039
360 362 1.2176980892763811
360 361 6.216426779686247
360 437 3.8222382254317813
361 358 2.421891605180774
361 359 6.7374390699669044
361 360 6.216426779686247
362 360 1.2176980892763811
363 398 4.440511060991511
364 365 3.048388688177448
364 1148 4.938932263624109
364 1300 3.3323423927475537
365 364 3.048388688177448
366 80 3.7572881360968875
366 367 1.2167219954084247
366 433 2.796078579730196
367 366 1.2167219954084247
368 344 2.9492305648427597
369 250 9.655238226992282
370 442 1.2099201400463353
370 371 2.274636975633431
370 344 6.038452023209128
371 370 2.274636975633431
372 304 6.902347942297373
372 376 3.7376785483476693
372 377 5.106981984155457
373 1156 0.7565244131419345
374 383 1.942916108229288
375 1155 1.6965849077557253
376 372 3.7376785483476693
377 372 5.106981984155457
378 379 3.9900772360896286
378 384 2.005457739567155
378 385 0.7759956607532503
379 378 3.9900772360896286
379 305 3.9915558799090234
379 394 9.695126595617971
380 381 2.675595699470159
381 380 2.675595699470159
381 1160 0.8420431433936206
381 389 5.789586752873176
382 383 3.337798623320935
383 440 5.796122596917655
383 374 1.942916108229288
383 382 3.337798623320935
384 378 2.005457739567155
385 378 0.7759956607532503
386 388 1.6435845339158806
387 389 8.34851365638695
387 388 3.7354158754466384
387 394 6.950796328902464
388 386 1.6435845339158806
388 391 6.9058351238943185
388 387 3.7354158754466384
389 1158 3.181486618348283
389 387 8.348513656386949
389 381 5.789586752873176
390 1158 1.6573548422801339
391 388 6.9058351238943185
392 396 0.8147840097373631
392 395 3.3303275992133012
392 307 4.97303103782958
393 307 4.571698773847716
394 387 6.950796328902464
394 379 9.69512659561797
394 306 5.0947870613252135
395 392 3.3303275992133012
396 392 0.8147840097373631
397 260 4.4721218355888315
397 400 8.01734407117648
397 398 4.301297376778784
398 363 4.440511060991511
398 399 4.937238548459351
398 397 4.301297376778784
399 398 4.937238548459351
400 397 8.01734407117648
401 402 5.375177580518261
401 403 3.1838228398908366
401 411 4.515494740603204
402 401 5.375177580518261
403 401 3.1838228398908366
404 405 9.683923001714072
404 1163 13.545277419180362
404 411 3.7311307609407427
405 404 9.683923001714072
406 1335 1.4684441460346296
406 1337 3.565696206415827
406 308 7.262690744174737
407 1335 5.6344389243192525
408 1337 1.5389324348983033
409 410 1.976575501495668
409 256 5.293896349626584
409 1333 1.827010513655053
410 409 1.976575501495668
411 404 3.7311307609407436
411 401 4.515494740603204
411 259 8.266960167366767
412 418 2.6075101318311136
412 261 6.7178120777437496
412 415 5.289503827151719
412 414 8.979197538253286
413 414 1.7940929131564038
414 419 1.8800934490333585
414 413 1.7940929131564038
414 412 8.979197538253288
415 416 2.4352670081945345
415 412 5.289503827151719
415 417 6.3238224764010615
416 415 2.4352670081945345
417 415 6.3238224764010615
418 412 2.6075101318311136
419 414 1.8800934490333585
420 143 1.088923814196036
420 421 0.9128344584840191
420 142 5.048553193184741
421 420 0.9128344584840191
422 141 1.4440429407773818
423 213 1.2785278764631895
424 1340 1.0720129137465748
425 215 4.88072698393794
426 1420 5.517098873853022
426 107 14.544826338137097
426 1426 6.473067214126561
427 428 2.7194369083785306
428 427 2.7194369083785306
428 153 1.332516828948428
428 164 3.9045739056666866
429 1401 1.5269585659026634
430 189 3.8734840503973884
430 1369 0.448655741010599
430 1370 0.6307492619431375
431 432 13.896517049711383
432 81 5.347567230710901
432 80 4.4280357256978125
432 431 13.896517049711383
433 366 2.796078579730196
434 435 3.3425113184805557
435 436 3.8840142497260484
435 434 3.3425113184805553
435 62 3.6304173994269315
436 435 3.8840142497260484
436 265 1.3334323362047584
436 1076 10.69578709741967
437 360 3.8222382254317813
438 353 1.0758767974930559
439 301 2.2074000784189223
439 439 3.341923295625531
440 383 5.796122596917655
440 441 2.285006810019462
440 305 4.622656856321781
441 440 2.285006810019462
442 370 1.2099201400463353
443 1234 3.005050112625095
443 1274 3.4013331532860773
443 144 5.893481427362461
444 1121 13.736534572165109
444 1388 9.720528364870338
444 1451 4.615066175071201
445 1149 1.7220346195872451
445 257 3.281287084456816
446 110 3.89813569503533
447 448 5.03918477749251
447 451 19.036474889885472
447 455 15.465148756172223
448 447 5.03918477749251
448 21 7.084582851713798
448 658 5.673012240050509
449 87 44.89985213341725
450 451 8.29987561352541
451 447 19.036474889885472
451 450 8.29987561352541
451 86 20.35335129715443
452 658 1.7914486819580657
453 454 6.380483668195664
454 457 4.494199896950822
454 453 6.380483668195664
454 455 17.515948810435553
455 461 6.987006835548015
455 454 17.515948810435553
455 447 15.465148756172225
456 36 14.92903742365933
457 460 1.3342801817405154
457 459 2.0186987870939954
457 454 4.494199896950822
458 1209 3.567182352588896
459 457 2.0186987870939954
460 457 1.3342801817405154
461 455 6.987006835548015
461 462 1.4503709241435043
461 463 1.2291355978789755
462 461 1.4503709241435043
463 461 1.2291355978789755
464 465 2.7029899717994783
464 63 4.675567861590651
464 469 7.623579003156183
465 466 7.774680329328011
465 464 2.7029899717994783
465 1454 3.30283825029001
466 467 3.7713505310617914
466 465 7.774680329328009
466 468 5.865788112233679
467 466 3.7713505310617914
468 1479 1.5129779648892079
468 1478 0.6924661267027001
468 466 5.865788112233679
469 470 0.7839345393777405
469 1455 0.5975571451482592
469 464 7.623579003156183
470 469 0.7839345393777405
471 474 3.071054271293988
471 475 4.945626650070114
471 472 2.6503006280870496
472 471 2.6503006280870496
472 148 15.965289694416795
472 147 5.658861899526516
473 480 12.160355206722599
473 474 26.703878472085783
473 479 11.515189558205694
474 471 3.071054271293988
474 473 26.703878472085783
474 478 6.430605638587288
475 471 4.945626650070114
476 148 2.0369348352368535
476 149 10.544720803907715
476 477 35.386056254442394
477 149 37.91524102696756
477 147 2.041666137101178
477 476 35.386056254442394
478 474 6.430605638587288
479 473 11.515189558205694
480 473 12.160355206722596
480 484 6.7490363504785265
480 148 7.366989568790656
481 482 8.506029301725706
482 70 1.139145862046763
482 481 8.506029301725706
483 485 2.5841148957549827
483 484 12.606453680745435
483 486 12.66885499223949
484 483 12.606453680745435
484 67 9.029757785257344
484 480 6.7490363504785265
485 483 2.5841148957549827
486 483 12.66885499223949
487 124 3.9963849897302786
488 1460 4.350526428303228
488 123 7.970950034892848
488 490 3.167406227246667
489 1460 0.9024949912661296
490 488 3.1674062272466665
491 509 2.222518687722539
491 492 6.866270076922016
491 504 4.933899157373528
492 510 3.228373477537182
492 491 6.866270076922016
492 1293 5.10611937353882
493 495 6.7978259911126955
493 494 4.136595399774546
493 504 6.956700948491477
494 493 4.136595399774546
495 493 6.7978259911126955
496 497 1.0322168615858383
496 499 6.600616829025868
497 496 1.0322168615858383
497 503 8.9477522143695
497 508 5.790856765237851
498 501 2.217256290905399
499 500 13.752508182765833
499 496 6.600616829025868
500 499 13.752508182765837
501 508 0.5768626639933849
501 498 2.217256290905399
501 502 15.530989400150673
502 509 4.708209093199229
502 667 1.1887119977455558
502 501 15.53098940015067
503 497 8.947752214369501
504 505 5.452313285570135
504 493 6.956700948491477
504 491 4.933899157373528
505 504 5.452313285570135
505 506 3.2147500984211126
505 668 5.162774624380191
506 505 3.2147500984211126
507 510 1.4917728438587432
508 501 0.5768626639933849
508 509 10.574662457801244
508 497 5.790856765237851
509 491 2.222518687722539
509 502 4.708209093199229
509 508 10.574662457801244
510 492 3.228373477537182
510 666 0.7017119890943849
510 507 1.4917728438587432
511 512 2.007790525741841
512 514 4.300785603166042
512 511 2.007790525741841
512 121 10.539211494210523
513 514 1.9841220796753911
514 512 4.300785603166042
514 515 1.8712049181024764
514 513 1.9841220796753911
515 514 1.8712049181024764
516 687 4.1441334679170385
516 689 1.7688255004426874
516 120 15.844101116028403
517 40 6.251661142643812
517 1463 8.09186464192193
517 518 6.7389943627786995
518 41 4.143559662125277
518 517 6.7389943627786995
518 519 3.8534575833610076
519 518 3.8534575833610076
520 599 7.25032541572488
520 120 10.545079858434688
520 119 5.0031682785087375
521 522 1.8384200254636172
522 39 16.492451506915675
522 38 11.585163970360489
522 521 1.8384200254636174
523 780 9.646072415850051
523 809 9.062706917057449
523 524 7.076026988092333
524 560 12.489206219263185
524 523 7.076026988092333
524 534 5.232353369450529
525 542 8.257327868754778
525 541 11.43081818970381
525 962 7.098392978374576
526 547 7.894972225610425
526 530 4.1317001523357195
526 527 3.1381641822890813
527 569 6.151944184053531
527 535 2.9864895527332482
527 526 3.1381641822890813
528 1246 3.191150467826122
528 551 5.196948570421566
528 529 5.61700902844508
529 1485 6.795852694255124
529 530 4.391131195292872
529 528 5.61700902844508
530 548 2.7736652182012453
530 526 4.131700152335719
530 529 4.391131195292872
531 563 4.1633080396603575
531 532 2.6233763693029304
531 538 2.598227602835869
532 562 6.401891803936411
532 533 2.7895166025151297
532 531 2.6233763693029304
533 534 3.1570485118527247
533 532 2.7895166025151297
533 679 4.545008246891282
534 1282 6.809814946269178
534 533 3.1570485118527247
534 524 5.232353369450529
535 571 7.8606067174076815
535 1244 2.3293868916396603
535 527 2.9864895527332482
536 675 7.526775700651786
536 537 2.996943984034162
536 1244 2.3171048035250883
537 538 2.7618374026360955
537 536 2.996943984034162
537 676 5.280695950909159
538 570 7.624268811222985
538 531 2.598227602835869
538 537 2.7618374026360955
539 1246 2.2289505744206286
539 550 7.212330418395813
539 1487 3.179654620067413
540 552 4.371828620722228
540 1487 4.811655291523775
540 674 12.662539099280018
541 525 11.430818189703809
542 963 9.528365907522709
542 543 11.061330617308796
542 525 8.257327868754778
543 876 8.322837003751385
543 137 12.500559760322924
543 542 11.061330617308796
544 878 10.83318067840887
545 1175 4.6795038338106
545 1211 5.98376021463638
545 546 5.455655150617612
546 545 5.455655150617612
547 526 7.894972225610425
548 530 2.7736652182012453
548 1175 4.923003877668358
548 549 9.451589201240271
549 548 9.45158920124027
550 539 7.212330418395813
551 528 5.196948570421566
552 540 4.371828620722228
552 553 1.9094662392598767
552 554 2.599540402811068
553 552 1.9094662392598767
554 552 2.599540402811068
555 1029 21.214886804788417
555 556 4.317239688539037
555 1032 5.8641412393693
556 555 4.317239688539037
556 1162 0.8723385287487578
556 1292 2.639011247596497
557 558 4.00278389664912
557 680 1.1015197591704993
557 559 9.234478024937063
558 557 4.00278389664912
559 557 9.234478024937063
560 1292 8.388285350775424
560 1026 7.986453349409613
560 524 12.489206219263185
561 564 1.365753044969457
562 532 6.401891803936411
563 531 4.1633080396603575
563 564 1.755378058759062
563 568 8.265028162503535
564 561 1.365753044969457
564 566 3.9633912724970974
564 563 1.755378058759062
565 566 1.5667985445709645
566 564 3.9633912724970974
566 565 1.5667985445709645
566 677 1.1977367676285422
567 568 3.5998423614455386
568 678 1.8937145168933065
568 567 3.5998423614455386
568 563 8.265028162503535
569 527 6.15194418405353
570 538 7.624268811222985
571 535 7.8606067174076815
572 573 1.0004538115817954
572 1306 1.266290519547223
572 607 6.1852448023056255
573 572 1.0004538115817954
574 1199 3.641443992132592
574 1318 4.589411666834578
574 575 4.456569629845186
575 574 4.456569629845186
576 577 5.867803851973957
576 637 4.765507996444605
576 611 7.270739857173871
577 576 5.867803851973957
577 638 15.569754838595342
577 898 9.573860628011412
578 590 1.678461558526451
579 582 3.291596089777393
580 582 5.155292662447977
581 582 2.484260216091065
582 579 3.291596089777393
582 580 5.155292662447977
582 603 6.01149049177529
582 581 2.484260216091065
583 602 9.001274644306127
584 1200 1.0982953040564822
585 587 1.2600381037052788
586 587 0.8966389710535534
587 585 1.2600381037052788
587 586 0.8966389710535534
587 613 4.887336687573287
588 1507 0.5957642107380765
588 614 7.411094084771927
588 1508 2.620831544798575
589 590 1.0898857119734882
590 578 1.678461558526451
590 589 1.0898857119734882
590 605 9.749319422701152
591 1304 3.5627290408564143
591 611 7.578830103745493
591 628 4.996108714871047
592 628 11.494813356130862
592 593 17.414145168539296
592 627 5.114090686994784
593 592 17.414145168539296
593 606 5.942074766393376
593 1323 6.093758427717197
594 1323 0.9856071328074627
595 597 3.5675399105056615
595 596 1.3355112607792128
595 120 12.524046615656085
596 595 1.3355112607792128
597 595 3.5675399105056615
598 119 5.43293738987234
598 1314 0.7226376093226498
598 1140 4.731623407280761
599 520 7.25032541572488
600 601 3.0029429842778854
600 603 3.128272398646065
600 695 9.131965120645416
601 606 3.6950207193296505
601 600 3.0029429842778854
601 699 2.7656803641331735
602 583 9.001274644306127
602 609 3.2936899891209075
602 603 4.141321168751338
603 600 3.128272398646065
603 582 6.01149049177529
603 602 4.141321168751338
604 614 5.634012303434255
604 605 6.758165630560247
604 606 11.321137014744247
605 604 6.758165630560246
605 115 4.76876914733518
605 590 9.749319422701152
606 601 3.6950207193296505
606 593 5.942074766393376
606 604 11.321137014744247
607 572 6.1852448023056255
607 693 11.314158943106145
607 608 3.955070548913532
608 1318 3.9603595437298136
608 607 3.955070548913532
608 117 7.8536981801598165
609 1200 5.4795564751217585
609 602 3.2936899891209075
609 693 5.913776188967496
610 703 3.49718195194502
610 644 13.434785763155112
610 611 5.88959774721238
611 591 7.578830103745494
611 576 7.270739857173871
611 610 5.88959774721238
612 1305 0.5916231426986718
612 706 4.288307387151669
612 705 3.459916510801343
613 706 1.86585703330702
613 1321 3.6132203692972804
613 587 4.887336687573287
614 1321 0.8500158305961725
614 604 5.634012303434255
614 588 7.411094084771927
615 692 1.940273414419464
615 618 17.506451221557597
615 616 9.006127823517012
616 655 4.680214646968701
616 654 6.620738011138019
616 615 9.006127823517012
617 654 7.382240546087172
618 615 17.506451221557597
619 620 13.931573632651705
619 114 12.077960576484971
619 622 8.891956757186684
620 42 2.3531262238089092
620 619 13.931573632651705
620 623 11.626969748887491
621 653 8.469107319598601
622 619 8.891956757186684
623 620 11.626969748887491
624 1136 0.6056556598794395
624 1191 1.8112365434627766
625 1304 2.141536804671382
625 1331 1.3169440941896313
625 1332 1.2510940804750352
626 1501 0.6761384062593513
627 592 5.114090686994784
627 629 5.394138453579721
627 1501 2.420614921071935
628 630 5.794039329606552
628 592 11.494813356130862
628 591 4.996108714871048
629 1498 0.681658545668006
629 1499 0.7082400404697305
629 627 5.394138453579721
630 628 5.794039329606552
630 632 5.766954209116841
630 1324 4.678112652776614
631 1326 2.5794155335194726
631 632 4.151716611310699
631 634 3.9785466602930866
632 631 4.151716611310699
632 636 3.2265063974254304
632 630 5.766954209116841
633 1326 1.031556796765169
634 1329 1.4115221945011303
634 1330 0.8270925458641414
634 631 3.9785466602930866
635 636 4.866508581765353
635 1327 1.3878988142547488
635 1328 0.8799817191781156
636 635 4.866508581765353
636 1249 1.1796140068807646
636 632 3.2265063974254304
637 576 4.765507996444606
638 639 1.403029590072283
638 1313 1.2918993366294147
638 577 15.569754838595346
639 638 1.403029590072283
640 1305 7.937017207617707
640 641 5.989354514725559
640 642 2.4486773556811365
641 640 5.989354514725559
642 640 2.4486773556811365
643 644 5.130507381646889
643 645 6.593160627408479
643 648 6.05267953850748
644 643 5.130507381646889
644 610 13.434785763155112
644 647 7.661703118595956
645 1502 0.7414913486946736
645 1503 0.7969494816977799
645 643 6.593160627408479
646 1504 0.946124759996078
646 1505 0.7508721602058306
646 648 12.110410637049029
647 644 7.661703118595958
648 701 4.027937304133207
648 646 12.110410637049029
648 643 6.05267953850748
649 701 5.0694836580309195
650 134 3.224706619419169
650 651 16.481780609526613
650 118 1.9547511100991153
651 652 6.499034967347935
651 655 11.90748452597139
651 650 16.481780609526613
652 651 6.499034967347935
653 621 8.469107319598601
653 656 7.920966486579244
653 654 3.725535943379339
654 616 6.620738011138019
654 653 3.725535943379339
654 617 7.382240546087172
655 616 4.680214646968701
655 651 11.90748452597139
655 735 13.893019630897873
656 653 7.920966486579244
656 869 5.537027634242962
656 134 9.076160302302712
657 658 1.1238610898298746
658 657 1.1238610898298746
658 452 1.7914486819580657
658 448 5.673012240050509
659 660 0.918262379072637
659 661 2.772723343969794
660 18 0.43975942825847203
661 660 2.838225450183366
661 36 7.884764214537009
662 1198 1.629309803945846
663 64 5.144624280060371
664 966 3.9042143975309713
664 66 19.66388316644814
664 965 3.830295167575864
665 149 3.5447482363597635
666 510 0.7017119890943849
667 502 1.1887119977455558
668 505 5.162774624380191
669 689 10.42207527320244
670 671 3.26051066511572
670 122 6.783332814275868
670 934 10.1327627171848
671 670 3.26051066511572
671 1084 5.536583295637625
671 138 11.128297434866298
672 138 4.671741574789763
672 876 9.715489046603732
672 673 5.867254404076342
673 949 2.0171737676113524
673 672 5.867254404076342
673 961 6.74529814703205
674 540 12.662539099280018
674 968 3.6239874497316356
674 970 29.581810180169505
675 536 7.526775700651786
676 537 5.280695950909159
677 566 1.1977367676285422
678 568 1.8937145168933065
679 533 4.545008246891282
680 557 1.1015197591704993
680 1292 4.212982659586563
680 681 2.605450109391417
681 680 2.605450109391417
682 799 1.799182593409379
683 684 4.851492318649309
683 685 2.457909164200445
683 137 6.36522607389886
684 683 4.851492318649309
685 683 2.457909164200445
686 902 5.461187716243382
686 908 2.7469885264941944
686 138 5.360601805918535
687 121 3.649947940564852
687 516 4.1441334679170385
687 688 1.8794654670397384
688 1310 1.3818565897267134
688 1311 1.265174636774798
688 687 1.8794654670397384
689 691 2.252693037354142
689 690 3.4695812698627764
689 669 10.42207527320244
689 516 1.7688255004426874
690 689 3.4695812698627764
691 689 2.252693037354142
692 615 1.940273414419464
693 609 5.913776188967496
693 607 11.314158943106145
693 1496 2.863038501046582
694 1496 0.4137908136272946
695 696 2.7930627202711364
695 600 9.131965120645416
695 1319 1.6276806447392482
696 698 1.259945952707193
696 695 2.7930627202711364
696 697 1.0501392116450525
697 696 1.0501392116450525
698 696 1.259945952707193
699 1494 0.9628555964510316
699 1495 0.6697880635010492
699 601 2.7656803641331735
700 715 11.330437034907314
700 713 8.583676547244439
700 1513 7.893081454081773
701 648 4.027937304133207
701 702 1.8685246271168165
701 649 5.0694836580309195
702 701 1.8685246271168165
703 704 4.1536241014145885
703 610 3.49718195194502
703 1305 4.105209931098483
704 703 4.1536241014145885
705 612 3.459916510801343
706 612 4.288307387151669
706 613 1.86585703330702
706 707 2.082412587355163
707 706 2.082412587355163
708 1418 3.704157775970636
708 115 11.129582710835702
708 709 11.54389452332446
709 710 12.88847398159125
709 721 21.72619277061269
709 708 11.54389452332446
710 709 12.88847398159125
711 898 2.390300700929883
711 716 7.116297933104105
711 712 4.957492101205748
712 37 6.17094063322691
712 711 4.957492101205748
712 713 4.579342761060229
713 700 8.583676547244439
713 1510 7.290820331860535
713 712 4.579342761060229
714 1513 0.6777428197898058
715 700 11.330437034907314
716 711 7.116297933104105
716 720 1.6761670828768331
716 717 5.138042058262029
717 719 0.7045453523213467
717 718 1.7471138868590435
717 716 5.138042058262029
718 717 1.7471138868590435
719 717 0.7045453523213467
720 716 1.6761670828768331
721 722 6.493926021051157
721 128 5.166292774204398
721 709 21.72619277061269
722 721 6.493926021051157
722 729 21.34668972459722
722 723 16.782552157020522
723 728 1.2762853786838062
723 725 17.657328635898647
723 722 16.782552157020522
724 127 17.572054637928808
724 727 3.8896444240784223
724 725 7.7484473704737695
725 732 1.705552993446297
725 724 7.7484473704737695
725 723 17.65732863589865
726 727 6.231538702098786
727 724 3.8896444240784223
727 126 11.259395161767538
727 726 6.231538702098786
728 723 1.2762853786838062
729 722 21.34668972459722
730 731 0.6753936737275106
731 733 3.168386631985401
731 730 0.6753936737275106
731 132 4.2216119814020905
732 725 1.705552993446297
733 731 3.168386631985401
734 738 4.8189199409670715
734 737 6.571043049095573
734 735 9.015187188998805
735 133 8.068279489272259
735 655 13.893019630897873
735 734 9.015187188998805
736 737 6.38137779335586
737 739 11.509682433723654
737 736 6.38137779335586
737 734 6.571043049095574
738 734 4.8189199409670715
739 737 11.509682433723654
740 745 6.477456073918794
740 746 6.69944175377751
740 127 7.888920756695619
741 130 21.919920084783328
742 916 9.375027525794696
742 748 8.983022204675796
742 743 7.361085706683661
743 917 4.655963192777042
743 742 7.361085706683661
743 744 5.951963806652268
744 743 5.951963806652266
744 745 8.4291848593788
744 1151 9.056936189182506
745 900 5.387028466435208
745 740 6.477456073918794
745 744 8.4291848593788
746 751 2.229600238493484
746 740 6.69944175377751
746 747 5.813277719048112
747 746 5.813277719048112
747 748 9.393756236054227
747 129 16.694478421686586
748 747 9.393756236054227
748 742 8.983022204675796
748 754 10.044905217821084
749 751 4.133095250474694
750 751 3.9390978823353313
751 746 2.229600238493484
751 749 4.133095250474694
751 750 3.9390978823353313
752 784 3.348803241588742
752 782 4.98792134096788
752 785 14.280808646521779
753 1151 1.0880633050423678
754 748 10.044905217821084
755 773 2.814261641200468
756 762 3.150734517607955
757 770 2.5732088880114645
757 765 4.008110300256769
757 809 12.048920675064627
758 759 4.537226389491074
758 762 17.982667973749976
758 131 8.197223569227985
759 769 7.725675605448233
759 760 10.825034842540529
759 758 4.537226389491074
760 767 8.183703529160756
760 1308 21.846352112251864
760 759 10.825034842540529
761 1308 2.510592818630883
762 756 3.150734517607955
762 913 2.8213434187787962
762 758 17.982667973749976
763 793 4.3967687763478995
763 136 12.097303519275055
763 764 6.007359088102765
764 786 5.3999711567966004
764 763 6.007359088102765
764 765 7.103265036691955
765 1212 4.06072308153481
765 757 4.008110300256769
765 764 7.103265036691955
766 767 5.809757186812871
767 760 8.183703529160756
767 766 5.809757186812871
767 912 5.568273216288052
768 769 9.086554863964578
769 911 2.148712679190789
769 759 7.725675605448233
769 768 9.086554863964578
770 777 1.5356444245621437
770 757 2.5732088880114645
770 772 9.964383575306037
771 773 8.896651434291194
772 770 9.964383575306037
773 755 2.814261641200468
773 771 8.896651434291192
773 777 12.947449555737034
774 775 6.981483509100099
775 776 1.8007926443343016
775 777 8.151144417618955
775 774 6.981483509100099
776 775 1.8007926443343016
777 770 1.5356444245621437
777 773 12.947449555737034
777 775 8.151144417618955
778 1143 7.506676721775162
778 780 11.969239649076924
778 782 4.712684578685638
779 786 2.856523992198522
780 778 11.96923964907692
780 523 9.646072415850051
780 790 17.88124114727251
781 784 1.4950358539454103
782 791 20.0854325416545
782 752 4.98792134096788
782 778 4.712684578685638
783 784 4.82004175274944
784 752 3.348803241588742
784 781 1.4950358539454103
784 783 4.82004175274944
785 752 14.280808646521779
786 764 5.3999711567966004
786 779 2.856523992198522
786 788 6.105992357112031
787 788 9.180719361697216
788 789 11.87713227143037
788 787 9.180719361697214
788 786 6.105992357112031
789 788 11.87713227143037
790 780 17.88124114727251
791 782 20.0854325416545
792 796 7.1631565191892115
792 802 2.945759732938671
792 793 3.0023873109757133
793 825 2.6032774977032247
793 792 3.0023873109757133
793 763 4.3967687763479
794 795 2.1761450246268144
795 1257 4.961800952024936
795 794 2.1761450246268144
795 812 11.44172213645189
796 792 7.1631565191892115
797 802 1.5944040074981132
798 801 5.2816130333099
799 682 1.799182593409379
799 800 3.7582741707406853
799 922 9.206674392021798
800 826 3.80708168025229
800 801 3.841094299249944
800 799 3.7582741707406853
801 800 3.841094299249944
801 802 3.998835699090442
801 798 5.2816130333099
802 797 1.5944040074981132
802 801 3.998835699090442
802 792 2.945759732938671
803 808 7.282034007192557
804 811 3.526836721150779
804 807 3.2863037199202143
804 812 4.008703449301781
805 812 1.524883487796412
806 813 3.279496662149283
806 807 4.060819370781361
806 808 3.252644315981057
807 804 3.2863037199202143
807 814 7.22667772959935
807 806 4.060819370781361
808 1212 3.273971112560645
808 803 7.282034007192557
808 806 3.252644315981057
809 757 12.048920675064627
809 523 9.062706917057449
809 810 5.670907274257599
810 809 5.670907274257599
811 804 3.526836721150779
812 805 1.524883487796412
812 795 11.44172213645189
812 804 4.008703449301781
813 806 3.279496662149283
814 807 7.22667772959935
815 824 14.015505872866376
815 817 3.6250647424881848
815 840 4.089500236808454
816 818 4.713097348948309
816 830 5.149700511603453
816 135 2.7480644017904203
817 833 3.1458341866961077
817 815 3.6250647424881848
817 834 7.54768206039054
818 834 1.2304805280662976
818 816 4.713097348948309
818 829 3.514093757797876
819 820 0.895629509410863
820 822 1.1019575850987218
820 819 0.895629509410863
820 823 3.918158226408815
821 824 2.9800296190134876
822 820 1.1019575850987218
823 824 4.3386158284811565
823 920 4.0768991078358106
823 820 3.918158226408815
824 821 2.9800296190134876
824 823 4.3386158284811565
824 815 14.015505872866376
825 793 2.6032774977032247
826 800 3.80708168025229
827 830 2.0970132392719916
828 830 2.534458436850243
829 818 3.514093757797876
830 828 2.534458436850243
830 827 2.0970132392719916
830 816 5.149700511603453
831 868 5.835293225013293
831 832 2.270920600631715
831 870 7.808339693083825
832 831 2.2709206006317153
832 136 4.632076880120094
832 135 9.52361681054955
833 817 3.1458341866961077
834 818 1.2304805280662976
834 838 5.6804228058423885
834 817 7.54768206039054
835 844 5.38230018763939
836 844 2.6839212211381365
837 838 2.545267139278928
838 837 2.545267139278928
838 839 1.4503792207662978
838 834 5.6804228058423885
839 838 1.4503792207662978
840 844 2.4235798803653053
840 1217 2.7306403921582856
840 815 4.089500236808454
841 843 2.008138256685397
842 843 1.4982472201743053
843 841 2.008138256685397
843 842 1.4982472201743053
843 844 5.314500576596683
844 836 2.6839212211381365
844 835 5.38230018763939
844 843 5.314500576596683
844 840 2.4235798803653053
845 859 3.0393181849522377
845 846 6.6630069778788075
845 1217 11.070506027279265
846 848 1.3876183020567687
846 847 4.199944283237793
846 845 6.6630069778788075
847 846 4.199944283237793
848 846 1.3876183020567687
849 136 2.8373091448256575
849 897 10.870109910137371
849 923 1.763649895705268
850 851 3.703821676786183
850 923 4.974064800564663
850 924 3.210624423946442
850 894 5.543097198361976
851 1309 2.921970770533343
851 852 5.8733115023138405
851 850 3.703821676786183
851 925 5.760978046235441
852 853 5.580230076327495
852 851 5.8733115023138405
852 883 5.354889346493046
852 887 5.775565380228434
853 854 2.2210246211797093
853 852 5.580230076327495
853 888 13.354147881243618
854 853 2.2210246211797093
854 930 3.28365029630213
854 880 5.526307815824111
854 891 8.82429086000869
855 856 3.2471082237998927
855 857 12.812441572816592
855 867 8.183288747010275
856 855 3.2471082237998927
857 919 1.2314427800009753
857 921 2.0531039505732207
857 855 12.812441572816592
858 867 3.8748786448550314
859 861 0.7699165780954861
859 860 0.9939067424859113
859 845 3.0393181849522373
860 859 0.9939067424859113
861 859 0.7699165780954861
862 871 1.6609126996826595
863 871 2.077912042385423
864 865 1.5101572524183033
865 864 1.5101572524183033
865 872 13.248379450365645
865 866 5.435945556039916
866 865 5.435945556039916
867 858 3.8748786448550314
867 855 8.183288747010275
867 134 7.862246924232164
868 831 5.835293225013293
869 656 5.537027634242962
869 872 6.985387995284026
869 135 8.08592220805805
870 831 7.808339693083824
871 862 1.6609126996826595
871 863 2.077912042385423
871 872 4.795076690480995
872 865 13.248379450365645
872 871 4.795076690480995
872 869 6.985387995284024
873 879 8.724924659258178
874 881 8.531365065109823
875 877 6.395581455534089
876 672 9.715489046603732
876 543 8.322837003751385
876 877 8.083663425782266
877 878 1.2027181073399205
877 875 6.395581455534089
877 876 8.083663425782266
878 877 1.2027181073399205
878 544 10.83318067840887
878 879 8.131284845630285
879 881 0.8322346489792
879 873 8.724924659258178
879 878 8.131284845630285
880 932 1.161910736767579
880 931 1.5612475943931752
880 854 5.5263078158241115
881 874 8.531365065109823
881 879 0.8322346489792
881 893 8.16415665227687
882 883 0.8050276788821794
883 882 0.8050276788821794
883 884 1.025661667571199
883 852 5.354889346493046
884 883 1.025661667571199
885 887 1.240373403973638
886 887 1.882187404060121
887 885 1.240373403973638
887 886 1.882187404060121
887 852 5.775565380228434
888 853 13.354147881243618
889 891 4.012178489598969
890 891 2.459201081838723
891 889 4.012178489598969
891 890 2.459201081838723
891 854 8.824290860008688
892 893 7.198168487390555
893 907 8.01965808105486
893 892 7.198168487390555
893 881 8.164156652276871
894 850 5.543097198361976
895 923 7.612240060779215
896 897 12.494660366614973
897 137 6.841126971980137
897 849 10.870109910137371
897 896 12.494660366614973
898 711 2.390300700929883
898 577 9.57386062801141
898 899 6.014013227065216
899 898 6.014013227065216
900 901 1.0910398126300558
900 745 5.387028466435208
900 915 0.9183262523464601
901 900 1.0910398126300558
902 686 5.461187716243382
902 910 3.460157871782965
902 903 5.836777022974299
903 909 3.2423438467884793
903 904 10.114468982473229
903 902 5.836777022974299
904 905 1.0345696655378436
904 1312 4.633470722415964
904 903 10.114468982473229
905 904 1.0345696655378436
905 906 3.1603667880793447
905 933 6.5418915587627
906 905 3.1603667880793447
907 893 8.01965808105486
908 686 2.7469885264941944
909 903 3.2423438467884793
910 902 3.460157871782965
911 769 2.148712679190789
912 767 5.568273216288052
913 762 2.8213434187787962
914 918 2.4736140107106124
914 43 2.1946301895790876
914 1101 28.633741183971473
915 900 0.9183262523464601
916 742 9.375027525794694
917 743 4.655963192777042
918 43 1.2593062641415727
918 914 2.4736140107106124
918 42 6.8012269523245985
919 857 1.2314427800009753
920 823 4.0768991078358106
921 857 2.0531039505732207
922 799 9.206674392021796
923 895 7.612240060779215
923 850 4.974064800564663
923 849 1.763649895705268
924 850 3.210624423946442
925 929 4.148224831453967
925 926 5.4228404670836685
925 851 5.760978046235441
926 928 1.1030733535233082
926 927 2.4123140721327836
926 925 5.4228404670836685
927 926 2.4123140721327836
928 926 1.1030733535233082
929 925 4.148224831453967
930 854 3.28365029630213
931 880 1.5612475943931752
932 880 1.161910736767579
933 905 6.5418915587627
934 935 1.534011931453418
934 937 3.7423891313577187
934 670 10.1327627171848
935 934 1.534011931453418
935 936 6.096157501409987
935 1295 7.389915973294273
936 935 6.096157501409987
937 934 3.7423891313577187
938 939 4.909539645886028
938 1084 2.391273434880587
938 948 7.225022934937575
939 940 2.003972396639441
939 938 4.909539645886028
939 947 8.96588485839321
940 939 2.003972396639441
940 941 5.9824690785335575
940 1085 8.322167658256781
941 942 1.8907033577397505
941 944 3.3184505922531247
941 940 5.9824690785335575
942 941 1.8907033577397505
942 1088 5.740505353482542
942 943 7.375856670065964
943 942 7.375856670065964
944 941 3.3184505922531247
944 946 4.36093418275143
944 945 3.0120805007696174
945 944 3.0120805007696174
946 944 4.36093418275143
947 939 8.965884858393208
948 938 7.225022934937575
949 673 2.0171737676113524
949 959 6.839698140930255
949 950 4.892264375663385
950 951 2.0744826216179293
950 949 4.892264375663385
950 957 7.475021460502751
951 950 2.0744826216179293
951 952 5.755142365736944
951 1297 9.706464862284607
952 953 1.958115021297778
952 951 5.755142365736944
952 956 7.341387004994302
953 952 1.958115021297778
953 954 5.902742036995489
953 1296 10.125821492850648
954 955 11.592051215214603
954 953 5.902742036995489
954 958 6.4962048371875705
955 954 11.592051215214605
956 952 7.341387004994302
957 950 7.475021460502751
958 954 6.4962048371875705
959 960 0.9514290928416766
959 949 6.839698140930255
959 1086 1.6010262958733206
960 959 0.9514290928416766
961 673 6.74529814703205
962 525 7.098392978374576
963 964 5.196292452417281
963 1077 14.602685621361653
963 542 9.528365907522707
964 1092 2.2799285143797454
964 1093 10.171061686093797
964 963 5.196292452417281
965 1077 4.855194095760445
965 1079 17.089688357903935
965 664 3.830295167575864
966 664 3.9042143975309713
966 1080 7.6393201126740555
966 967 6.409055325146514
967 1081 4.877602255134747
967 968 20.160374268423418
967 966 6.409055325146514
968 969 14.102631788465896
968 674 3.623987449731636
968 967 20.16037426842342
969 968 14.102631788465896
970 971 4.712840759209933
970 976 6.3523460233196225
970 674 29.581810180169505
971 1001 7.728896360106219
971 970 4.712840759209933
971 972 4.009617962544958
972 983 3.4964825706525957
972 971 4.009617962544958
972 973 1.8747054153098688
973 1000 7.154659914111529
973 972 1.8747054153098688
973 974 4.280242899257856
974 975 1.0724589678836787
974 991 5.985878656944507
974 973 4.280242899257856
975 974 1.0724589678836787
975 990 13.296861587323693
976 970 6.3523460233196225
976 978 19.361898947088125
976 977 4.32002694978459
977 976 4.32002694978459
978 979 4.621247877123798
978 980 8.035446482933851
978 976 19.36189894708813
979 978 4.621247877123798
980 978 8.035446482933851
980 982 6.073734168127528
980 981 12.793091389559915
981 990 5.689579573583043
981 1522 12.405223387856246
981 980 12.793091389559917
981 1021 10.629314620567923
982 980 6.073734168127528
982 1052 1.570875198088097
982 1051 4.870754037114264
983 972 3.4964825706525957
983 989 2.9594418512754483
983 984 8.864519950669898
984 987 0.9566656647493041
984 986 3.8726991582316415
984 983 8.864519950669898
985 987 2.758520566642215
986 984 3.8726991582316415
987 985 2.758520566642215
987 984 0.9566656647493041
987 988 1.6156415809460223
988 987 1.6156415809460223
989 983 2.9594418512754483
990 1221 4.0443779648072775
990 981 5.689579573583043
990 975 13.296861587323693
991 992 1.3501370047199381
991 1288 3.465812129253696
991 974 5.985878656944507
992 991 1.3501370047199381
992 999 0.963173985327429
992 993 2.886923492630372
993 998 1.7555318761426995
993 994 2.6589534162709265
993 992 2.886923492630372
994 995 2.839786031619313
994 993 2.6589534162709265
994 997 3.6058966401519563
995 996 2.1517686487354655
995 994 2.839786031619313
995 1219 0.5498543138146806
996 995 2.1517686487354655
997 994 3.6058966401519563
998 993 1.7555318761426995
999 992 0.963173985327429
1000 973 7.154659914111529
1001 971 7.728896360106219
1001 1002 2.312561052970501
1001 1075 9.767388672821399
1002 1001 2.312561052970501
1002 1014 12.178615872048002
1002 1003 5.348519641311059
1003 1020 4.899677826468444
1003 1004 6.23369192447445
1003 1002 5.348519641311059
1004 1006 5.028474427868736
1004 1005 1.9189531698826652
1004 1003 6.233691924474451
1005 1004 1.9189531698826652
1006 1004 5.028474427868736
1006 1007 3.438792316395901
1006 1476 3.843061312210872
1007 1008 3.4847522213699786
1007 1006 3.438792316395901
1007 1248 6.0995476261044175
1008 1007 3.4847522213699786
1008 1010 6.476261520841141
1008 1011 6.133185396522802
1009 1476 0.6979222591201827
1010 1008 6.476261520841141
1011 1012 1.240592055258644
1011 1013 0.8046430406830053
1011 1008 6.133185396522801
1012 1011 1.240592055258644
1013 1011 0.8046430406830053
1014 1002 12.178615872048002
1015 1290 1.4588788234618346
1016 144 3.6199569781421688
1017 1019 6.784005334199139
1017 1018 4.151540818821959
1017 1220 21.295378572366765
1018 111 10.429474020459503
1018 1017 4.151540818821959
1019 1017 6.784005334199139
1020 1003 4.899677826468444
1021 1023 3.814174606822668
1021 1226 10.67946526187004
1021 981 10.629314620567923
1022 1021 13.066531805322887
1022 1523 15.016107721209895
1023 1021 3.814174606822668
1023 1025 5.825198296975071
1023 1224 10.423935482634759
1024 1223 0.21440061900618657
1024 1028 14.173736435703635
1024 1222 1.4666320619992177
1025 1527 0.4574758424363907
1025 1528 0.5725215660657949
1025 1023 5.825198296975071
1026 1060 12.918203448213777
1026 560 7.986453349409613
1026 1027 9.437661837033497
1027 1026 9.437661837033497
1027 1028 2.9972318625033245
1027 1029 11.05492454117586
1028 1027 2.9972318625033245
1028 1024 14.173736435703635
1028 1057 10.900993671716874
1029 555 21.214886804788417
1029 1030 11.32765905978781
1029 1027 11.05492454117586
1030 1031 11.408127002235666
1030 1029 11.32765905978781
1030 1033 21.275777907672847
1031 1030 11.408127002235666
1031 1037 5.486544834557923
1031 1036 17.103330633420843
1032 1033 5.227579577600677
1032 1041 4.554643349322243
1032 555 5.8641412393693
1033 1032 5.227579577600677
1033 1030 21.275777907672847
1033 1034 4.2224850862409
1034 1035 0.8288826791455186
1034 1036 17.880254183672825
1034 1033 4.2224850862409
1035 1034 0.8288826791455186
1036 1218 7.519688630951557
1036 1031 17.103330633420843
1036 1034 17.88025418367283
1037 1047 10.481388954418389
1037 1031 5.486544834557923
1037 1042 11.028374625731987
1038 1040 1.6404124042159616
1038 1039 0.9980470076359751
1038 1218 4.306073194839295
1039 1038 0.9980470076359751
1040 1038 1.6404124042159616
1041 1032 4.554643349322243
1042 1046 17.35722483231631
1042 1037 11.028374625731987
1042 1044 24.876276639981043
1043 1044 4.841850445961675
1043 45 6.692658308859148
1043 1045 9.240599232948759
1044 1043 4.841850445961675
1044 1046 6.770086067727628
1044 1042 24.876276639981043
1045 1047 4.832028770979147
1045 1043 9.240599232948759
1045 44 37.97603069000032
1046 1042 17.35722483231631
1046 1047 5.788266080417132
1046 1044 6.770086067727628
1047 1037 10.481388954418389
1047 1046 5.788266080417132
1047 1045 4.832028770979147
1048 1050 3.2025758041417416
1048 1049 5.268757407713807
1048 1189 18.59795814052899
1049 1227 9.48560891441562
1049 1177 1.001173641809415
1049 1048 5.268757407713807
1050 56 6.897705305589177
1050 1048 3.2025758041417416
1051 1096 7.172333695359377
1051 982 4.870754037114264
1051 1223 4.090162455170322
1052 982 1.570875198088097
1052 1055 5.380140141936914
1052 1053 4.511686916212054
1053 1056 8.498199022774807
1053 1054 10.031865006400519
1053 1052 4.511686916212054
1054 1095 3.1848351030548616
1054 1529 2.251899338635984
1054 1053 10.03186500640052
1055 1232 0.3478962494279014
1055 1231 0.3471561560927542
1055 1052 5.380140141936914
1056 1053 8.498199022774806
1057 1058 5.880729746167754
1057 1028 10.900993671716874
1057 1059 9.579063543317856
1058 1057 5.880729746167754
1058 1062 8.84198717466282
1058 1097 5.954730551582681
1059 1061 5.027073233462304
1059 1060 9.11702785881918
1059 1057 9.579063543317856
1060 1026 12.918203448213777
1060 1059 9.11702785881918
1060 1063 6.656234240780271
1061 1059 5.027073233462304
1062 1058 8.84198717466282
1063 1064 3.687257965550164
1063 1060 6.656234240780271
1063 1069 9.017910463677163
1064 1074 1.9308838726984525
1064 1063 3.687257965550164
1064 1066 8.999297048350973
1065 1066 3.108199297318109
1065 1098 3.39979493871903
1065 1068 10.83002133800702
1066 1065 3.108199297318109
1066 1067 4.821955295564199
1066 1064 8.999297048350973
1067 1066 4.821955295564199
1068 1065 10.83002133800702
1069 1070 0.8349136049761292
1069 1063 9.017910463677163
1069 1071 9.808589135377883
1070 1069 0.8349136049761292
1071 1072 0.672729679754044
1071 1073 1.2648651800726245
1071 1069 9.808589135377883
1072 1071 0.672729679754044
1073 1071 1.2648651800726245
1074 1064 1.9308838726984525
1075 1001 9.767388672821399
1076 436 10.69578709741967
1077 965 4.855194095760445
1077 1078 14.473294776119424
1077 963 14.602685621361656
1078 1077 14.473294776119424
1079 965 17.089688357903935
1080 1285 4.086208933557721
1080 1083 8.093815036976771
1080 966 7.6393201126740555
1081 1082 18.45355725037707
1081 967 4.877602255134747
1081 1094 3.9980680291707715
1082 1081 18.45355725037707
1083 1080 8.09381503697677
1084 671 5.536583295637625
1084 938 2.391273434880587
1084 1294 8.546511210304752
1085 940 8.322167658256781
1086 959 1.6010262958733206
1087 1089 0.6184356714091339
1088 1089 2.2127628931530374
1088 942 5.740505353482542
1088 1091 10.394115924683218
1089 1087 0.6184356714091339
1089 1088 2.2127628931530374
1089 1090 7.008928311716366
1090 1089 7.008928311716366
1091 1088 10.394115924683218
1092 964 2.2799285143797454
1093 964 10.171061686093797
1094 1081 3.9980680291707715
1095 1054 3.1848351030548616
1096 1489 0.7668292806483735
1096 1051 7.172333695359377
1096 1488 0.964680767615602
1097 1058 5.954730551582681
1098 1065 3.39979493871903
1098 1099 3.450434943997303
1098 1100 3.8518554014826356
1099 1098 3.450434943997303
1100 1098 3.8518554014826356
1101 914 28.633741183971473
1102 1263 6.667185881584927
1102 1106 6.268260542438218
1102 1132 5.142467972397906
1103 1105 5.379610581031547
1103 1132 4.329444957882765
1103 1104 7.766402389700042
1104 55 12.494211059911008
1104 1106 10.028068245599288
1104 1103 7.7664023897000405
1105 1103 5.379610581031547
1106 1102 6.268260542438218
1106 1104 10.028068245599288
1106 1108 14.197540969823386
1107 1108 6.7939640121935225
1107 1109 12.676064931975894
1108 55 7.003816680492914
1108 1106 14.197540969823386
1109 1110 3.268285269164525
1109 1107 12.676064931975894
1109 1263 8.852804229204523
1110 1492 3.656904944652393
1110 1109 3.268285269164525
1110 1493 2.2900997839296187
1111 1112 15.12836432713612
1112 1111 15.12836432713612
1112 57 11.969732771895021
1113 1522 11.952620453610749
1114 1113 5.314465046307952
1114 113 6.738317809827844
1115 54 2.0486951980502477
1115 1280 3.237453646487565
1116 54 10.36866068797987
1117 1120 1.248467898161218
1118 1280 2.345199180485906
1119 1120 5.553224928038173
1120 1280 0.6506731277102503
1120 1117 1.248467898161218
1120 1119 5.553224928038173
1121 444 13.736534572165107
1122 1126 1.9025528305858725
1122 57 21.778610913670093
1123 1127 0.7124187639803211
1123 1126 3.2848868861430214
1123 1124 4.600610420018315
1124 1123 4.600610420018315
1125 1133 1.2806158531806247
1126 1123 3.2848868861430214
1126 1122 1.9025528305858725
1126 1133 6.838369878982983
1127 1128 2.143804142342345
1127 1123 0.7124187639803211
1127 1129 2.818594621202084
1128 1127 2.143804142342345
1129 1127 2.818594621202084
1130 1131 7.463013389872072
1131 1141 13.507154341084279
1131 1130 7.463013389872072
1131 1416 15.525982907011164
1132 1483 4.361886248645996
1132 1103 4.329444957882765
1132 1102 5.142467972397906
1133 1125 1.2806158531806247
1133 1134 1.1596150386255883
1133 1126 6.838369878982982
1134 1133 1.1596150386255883
1135 1136 8.071433866400808
1135 27 6.203969856007588
1136 624 0.6056556598794395
1136 1193 10.15105485623809
1137 2 3.0907634227999097
1137 1514 76.64702759176583
1138 37 6.3902519604680235
1138 0 2.830770639814784
1139 1406 11.054157952932936
1139 1473 5.596443045534573
1139 1517 9.757226949991997
1140 598 4.731623407280761
1141 1131 13.507154341084275
1142 1146 3.2225619083177404
1143 126 6.011923838634642
1143 778 7.50667672177516
1143 1146 5.610595461091878
1144 1145 0.8791250294835874
1145 1146 5.967446083570686
1145 1144 0.8791250294835874
1145 1147 0.7416711322868269
1146 1142 3.2225619083177404
1146 1145 5.967446083570686
1146 1143 5.610595461091878
1147 1145 0.7416711322868269
1148 364 4.938932263624109
1148 80 5.431450817396029
1148 62 11.415592524196496
1149 29 11.54044455070058
1149 25 5.491478631376743
1150 1151 0.8343510089730708
1151 753 1.0880633050423678
1151 1150 0.8343510089730708
1151 744 9.056936189182506
1152 1156 0.6107022342249477
1153 304 0.4490772049355246
1153 1157 3.196136087411541
1153 309 10.46805081548703
1154 1155 0.6509770508171764
1155 375 1.6965849077557253
1155 1154 0.6509770508171764
1155 309 4.023713971368644
1156 373 0.7565244131419345
1156 1152 0.6107022342249477
1156 303 5.020220166415325
1157 1153 3.196136087411541
1158 390 1.6573548422801339
1158 1159 1.364165438406602
1158 389 3.181486618348283
1159 1158 1.364165438406602
1160 381 0.8420431433936206
1161 1178 2.7301984539021866
1161 1374 5.957015247667709
1161 237 9.539512494506619
1162 556 0.8723385287487578
1163 404 13.545277419180362
1164 330 1.466316070552773
1164 326 5.381970243381031
1164 1303 3.6712785604493177
1165 1166 0.7281240217300913
1166 320 0.5333959068102473
1166 1165 0.7281240217300913
1166 319 3.3819912548373403
1167 1207 2.2916136601000594
1167 1206 4.693169607276626
1167 319 4.603070549280109
1168 184 0.9365363400871208
1169 181 1.1946714107140979
1170 141 0.8859179964362774
1171 203 4.5536226700566
1171 1173 2.290076834518389
1171 222 6.803523454111734
1172 198 0.8337706532341258
1173 1171 2.290076834518389
1174 1466 0.4822417156422668
1175 545 4.6795038338106
1175 548 4.923003877668358
1175 1211 19.658641434513864
1176 1211 2.946261436227054
1177 1049 1.001173641809415
1178 1344 1.5738780155266587
1178 190 1.588689973251012
1178 1161 2.730198453902186
1179 230 0.8477398925410521
1179 1186 1.1417367793645046
1180 1187 4.526718714092398
1180 1366 4.410657110725241
1180 1343 3.5150763592754775
1181 1366 0.5380095817792366
1182 1183 1.423390389453151
1183 1182 1.423390389453151
1183 1264 2.2224618132827283
1183 193 6.7934528818668865
1184 229 5.699171996600458
1184 1186 2.296023215257234
1184 1346 7.4534663793799645
1185 188 6.634036193663624
1185 1179 1.0766396321322833
1186 1184 2.296023215257234
1186 1185 1.0173749561567706
1187 1188 1.3104207543289124
1187 229 3.769305201192655
1187 1180 4.526718714092398
1188 1187 1.3104207543289124
1189 1048 18.59795814052899
1190 624 2.1120435704744946
1190 1191 1.3905292918646663
1191 22 0.5471684733448862
1192 1196 27.528671339233465
1193 1136 10.15105485623809
1193 1197 12.995252660141876
1194 1195 6.3875339874081805
1195 110 13.315681166462298
1195 1194 6.3875339874081805
1195 1196 16.865879543349813
1196 1192 27.52867133923347
1196 1195 16.865879543349813
1196 1197 11.061767881018936
1197 1198 16.809328061421194
1197 1193 12.995252660141876
1197 1196 11.061767881018936
1198 662 1.629309803945846
1198 110 16.412703603237347
1198 1197 16.809328061421194
1199 574 3.641443992132592
1200 584 1.0982953040564822
1200 1201 1.0164338769503072
1200 609 5.4795564751217585
1201 1200 1.0164338769503072
1202 288 1.3189652060137647
1203 288 1.2192198891411308
1204 1206 0.7310970834184047
1205 1206 0.8969940355420436
1206 1205 0.8969940355420436
1206 1204 0.7310970834184047
1206 1167 4.693169607276626
1207 1167 2.2916136601000594
1207 1207 12.321114037045119
1208 332 0.8437634125973027
1209 1210 1.3692686261624871
1209 458 3.567182352588896
1209 36 21.638512226278376
1210 1209 1.3692686261624871
1211 1176 2.946261436227054
1211 1175 19.65864143451386
1211 545 5.98376021463638
1212 808 3.273971112560645
1212 765 4.06072308153481
1212 1213 5.284391555712345
1212 1281 5.912414107453989
1213 1212 5.284391555712345
1214 1459 0.2991835860697579
1214 1261 3.156809896712497
1214 1215 6.5861021132449
1215 1214 6.5861021132449
1216 1217 16.076703769796342
1217 845 11.070506027279265
1217 840 2.7306403921582856
1217 1216 16.076703769796346
1218 1437 0.5172845325628261
1218 1036 7.519688630951557
1218 1038 4.306073194839295
1219 995 0.5498543138146806
1220 1017 21.29537857236677
1220 1016 1.2470577808879875
1221 990 4.0443779648072775
1222 1224 1.4625835024536802
1222 1239 11.400759251059217
1223 1024 0.21440061900618657
1223 1224 0.2109269970981625
1223 1051 4.090162455170322
1224 1223 0.2109269970981625
1224 1023 10.423935482634759
1225 155 5.312863875157744
1225 1225 3.587580156676818
1226 1021 10.67946526187004
1227 1049 9.48560891441562
1228 68 1.279141252193525
1229 1422 5.127144771803928
1229 1420 6.600687537648136
1229 1441 3.311399658639254
1230 1258 3.18696200949951
1231 1055 0.3471561560927542
1232 1055 0.3478962494279014
1233 1277 0.8937251060170294
1233 1278 6.747510107469807
1234 443 3.005050112625095
1234 61 4.826040865086947
1234 1274 3.0639139091180434
1235 1236 5.991359387062488
1236 1238 2.0109975771152473
1236 1237 4.10240984041185
1236 1235 5.991359387062488
1237 44 5.384092126467801
1237 43 5.51900228238037
1237 1236 4.10240984041185
1238 1236 2.0109975771152473
1239 1242 1.2397083639704918
1239 1222 11.40075925105922
1239 45 17.595844661479532
1240 1526 1.014752101943697
1240 1242 8.519160436399396
1240 1525 2.206777213753456
1241 1242 3.056733069787541
1242 1239 1.2397083639704918
1242 1243 2.1150396783394805
1242 1241 3.056733069787541
1242 1240 8.519160436399396
1243 1242 2.1150396783394805
1244 536 2.3171048035250883
1244 535 2.3293868916396603
1244 1255 3.0602589002174714
1245 1258 3.1847268122679506
1246 528 3.191150467826122
1246 539 2.2289505744206286
1246 1286 9.680275944401997
1247 1253 1.7838364608265345
1248 1007 6.0995476261044175
1249 636 1.1796140068807646
1250 1252 5.2947129015618035
1251 1255 2.9413588645714377
1251 1287 9.112623755604613
1251 1253 26.354989765673068
1252 1287 5.373086923963932
1252 1254 0.7571153335992096
1252 1250 5.2947129015618035
1253 1286 3.870259925158472
1253 1247 1.7838364608265345
1253 1251 26.354989765673064
1254 1252 0.7571153335992096
1254 1258 6.419039721689412
1254 1255 13.5687321651236
1255 1251 2.9413588645714377
1255 1244 3.0602589002174714
1255 1254 13.5687321651236
1256 330 1.022575912224387
1257 795 4.961800952024936
1258 1254 6.419039721689412
1258 1230 3.18696200949951
1258 1245 3.1847268122679506
1259 1260 0.7428158099519432
1260 291 0.8962200496875848
1260 1259 0.7428158099519432
1260 290 4.346598620612921
1261 1214 3.156809896712497
1261 114 2.1900059865663324
1261 1262 9.763360140425906
1262 1261 9.763360140425906
1263 1102 6.667185881584927
1263 1518 11.948703874682574
1263 1109 8.852804229204523
1264 1183 2.222461813282728
1265 185 2.782686008467137
1265 193 3.71111220716743
1265 1438 3.2070688295803675
1266 236 0.6572383627195145
1266 195 3.1842033812043167
1266 1353 2.01708392396101
1266 1352 2.452599365128377
1267 194 2.5727167236037127
1267 195 1.4779033274773217
1267 1351 2.1392218541477073
1268 102 0.27579115490704764
1269 1467 0.8191120468168315
1269 1471 7.3534631084321695
1270 1271 0.9465592523536264
1271 1272 0.710335314704891
1271 93 18.337796474587748
1272 92 2.793862151060888
1272 1469 3.708751861297014
1273 1276 7.048226125889141
1273 1474 2.4785127567048644
1274 443 3.4013331532860773
1274 1434 6.838761706504958
1275 1276 1.3254114266668133
1276 1275 1.3254114266668133
1276 1273 7.048226125889141
1276 1279 2.889500663793377
1277 1233 0.8937251060170294
1277 1279 3.337502371387481
1278 1434 6.397442996809545
1278 1277 7.002331702657099
1279 1233 3.5608637231020306
1279 1276 2.889500663793377
1280 1120 0.6506731277102503
1280 1115 3.237453646487565
1280 1118 2.345199180485906
1281 1212 5.912414107453989
1282 1283 0.4869606306238183
1282 534 6.809814946269178
1282 1284 2.389531041077916
1283 1282 0.4869606306238183
1284 1282 2.389531041077916
1285 1080 4.086208933557721
1286 1253 3.870259925158472
1286 1287 0.974284874732778
1286 1246 9.680275944401997
1287 1286 0.974284874732778
1287 1252 5.373086923963932
1287 1251 9.112623755604613
1288 1290 0.8702976102347321
1288 991 3.465812129253696
1288 1289 2.384487536475499
1289 1288 2.384487536475499
1290 1015 1.4588788234618346
1290 1288 0.8702976102347321
1290 1291 1.3649821836441798
1291 1290 1.3649821836441798
1292 680 4.212982659586563
1292 556 2.639011247596497
1292 560 8.388285350775424
1293 122 8.311671264064282
1293 121 30.877298624239117
1293 492 5.10611937353882
1294 1084 8.546511210304752
1295 935 7.389915973294273
1296 953 10.125821492850648
1297 951 9.706464862284607
1298 282 0.6686661771648689
1299 282 2.650938578678903
1300 364 3.3323423927475537
1300 1302 2.271958569178742
1300 1301 0.8176358466316077
1301 1300 0.8176358466316077
1302 1300 2.271958569178742
1303 1164 3.6712785604493177
1304 625 2.141536804671382
1304 591 3.5627290408564143
1304 1506 0.7716990657673988
1305 612 0.5916231426986718
1305 640 7.937017207617707
1305 703 4.105209931098483
1306 572 1.266290519547223
1307 1308 7.06472001153097
1308 761 2.510592818630883
1308 760 21.846352112251864
1308 1307 7.06472001153097
1309 851 2.921970770533343
1310 688 1.3818565897267134
1311 688 1.265174636774798
1312 904 4.633470722415964
1313 638 1.2918993366294147
1314 598 0.7226376093226498
1315 1317 2.472642352128646
1316 1317 0.8439304818124862
1317 1316 0.8439304818124862
1317 1318 3.4080883686021104
1317 1315 2.472642352128646
1318 608 3.9603595437298136
1318 1317 3.4080883686021104
1318 574 4.589411666834578
1319 695 1.6276806447392482
1320 1321 2.8513972749205627
1321 614 0.8500158305961725
1321 1320 2.8513972749205627
1321 613 3.6132203692972804
1322 1323 0.9263856720021972
1323 594 0.9856071328074627
1323 1322 0.9263856720021972
1323 593 6.093758427717197
1324 630 4.678112652776614
1325 1326 1.148859740096248
1326 633 1.031556796765169
1326 631 2.5794155335194726
1326 1325 1.148859740096248
1327 635 1.3878988142547488
1328 635 0.8799817191781156
1329 634 1.4115221945011303
1330 634 0.8270925458641414
1331 625 1.3169440941896313
1332 625 1.2510940804750352
1333 409 1.827010513655053
1334 1335 2.5243216713700054
1335 406 1.4684441460346296
1335 1334 2.5243216713700054
1335 407 5.6344389243192525
1336 1337 2.9283768880266643
1337 408 1.5389324348983033
1337 406 3.565696206415827
1337 1336 2.9283768880266643
1338 200 2.5302133402458735
1339 1340 1.8092642072018892
1340 424 1.0720129137465748
1340 1339 1.8092642072018892
1340 194 5.816167396316351
1341 1343 1.9619865920407933
1342 1343 3.982665745582587
1343 1341 1.9619865920407933
1343 1342 3.982665745582587
1343 1180 3.5150763592754775
1344 1178 1.5738780155266587
1345 1346 1.5246016487926852
1346 1345 1.5246016487926852
1346 1347 1.4659938052164465
1346 1184 7.4534663793799645
1347 1346 1.4659938052164465
1348 1350 3.785827366184766
1349 1350 3.5096349957501047
1350 229 3.218395111723544
1350 1348 3.785827366184766
1350 1349 3.5096349957501047
1351 1267 2.1392218541477073
1352 1266 2.452599365128377
1353 1266 2.01708392396101
1354 1355 2.711472128131446
1355 235 1.731754158201804
1355 1354 2.711472128131446
1355 196 3.217065536695789
1356 235 0.8301895585500654
1357 235 1.0688366320162062
1358 1359 3.1340578754294315
1359 227 1.8869686512418395
1359 228 0.5485268684605132
1359 1358 3.1340578754294315
1360 1361 3.0121778390521277
1361 1383 7.7182604651127305
1361 1363 1.2315096804096164
1361 1360 3.0121778390521277
1362 1363 4.947599703562115
1363 1361 1.2315096804096164
1363 226 1.7749981110726238
1363 1362 4.947599703562115
1364 190 2.322180735931713
1365 1366 2.879651696502259
1366 1181 0.5380095817792366
1366 1180 4.410657110725241
1366 1365 2.879651696502259
1367 1368 1.4987147797180715
1368 1367 1.4987147797180715
1368 189 8.836719174279356
1368 188 8.541830893242645
1369 430 0.448655741010599
1370 430 0.6307492619431375
1371 1373 0.6291909064247259
1372 1373 0.7964053570866984
1373 1371 0.6291909064247259
1373 1372 0.7964053570866984
1373 1374 3.816593779953292
1374 189 6.2864651139518415
1374 1373 3.816593779953292
1374 1161 5.957015247667709
1375 219 0.8274482237806563
1376 219 0.7968505746831912
1377 220 0.5524515924321335
1378 220 0.5682044093850158
1379 1380 2.005077017881849
1380 206 0.8416000077386321
1380 1379 2.005077017881849
1380 205 1.461188930423691
1381 208 2.204962997402916
1382 1383 3.641645313361009
1383 225 2.810017892189856
1383 1361 7.7182604651127305
1383 1382 3.641645313361009
1384 1385 3.062150419420307
1385 224 1.0219315300050344
1385 225 2.6374305387229633
1385 1384 3.062150419420307
1386 1387 2.425110131730092
1387 233 1.8430367909603453
1387 224 4.34347445415682
1387 1386 2.425110131730092
1388 444 9.720528364870338
1389 53 0.4182189028926286
1389 1115 9.549652062748343
1390 51 5.204738905378446
1391 1390 1.885305769850631
1391 1112 10.488098552515503
1391 1452 2.8507368421012003
1391 1451 1.9999008502423143
1392 178 2.059013875392938
1392 177 2.7747199826661713
1392 170 12.14626509878284
1393 1394 4.717495755991331
1394 1396 1.1348753722173055
1394 1399 6.555253125171641
1394 1393 4.717495755991331
1395 1396 2.9585371024690925
1396 1394 1.1348753722173055
1396 170 5.385977124055925
1396 1395 2.9585371024690925
1397 168 1.6440832615728498
1398 1399 5.046963600231556
1399 168 1.3944392319076429
1399 1394 6.555253125171641
1399 1398 5.046963600231556
1400 1401 2.8013710883228837
1401 429 1.5269585659026634
1401 164 11.924156978879429
1401 1400 2.8013710883228837
1402 1403 4.235300992508692
1403 159 2.121781683602862
1403 151 8.283396775810841
1403 1402 4.235300992508692
1404 1405 3.9293347445808426
1405 202 7.281970737893226
1405 1420 5.061269797799166
1405 1404 3.9293347445808426
1406 1139 11.054157952932936
1407 1409 3.7367289684929292
1408 1410 0.271806069513959
1409 1408 0.8891588469979531
1409 1464 1.340041367844138
1410 1407 1.4397886402742723
1410 33 27.66004348215055
1411 1414 1.183195127991732
1412 1414 1.3904790220626728
1413 355 4.593653798384701
1413 357 1.0415054617396604
1413 1414 3.3394506979827208
1414 1412 1.3904790220626728
1414 1411 1.183195127991732
1414 1413 3.3394506979827208
1415 65 13.381237728800633
1416 1452 3.4697784329178276
1416 1449 3.3304289024893676
1416 1131 15.525982907011164
1417 113 6.851275994969218
1418 708 3.704157775970636
1418 1459 16.452720983669085
1418 1419 16.19848815941191
1419 1418 16.19848815941191
1420 1229 6.600687537648136
1420 1405 5.061269797799166
1420 426 5.517098873853022
1421 1425 5.650848272669508
1421 1443 5.40850852038957
1421 1444 6.360791071567655
1422 1442 3.150398674263277
1422 1229 5.127144771803928
1422 1447 1.5741811101034844
1423 1425 3.8171871432121263
1423 1424 6.099707633419447
1423 1445 1.3973912586674762
1424 1442 6.696790606609784
1424 1423 6.099707633419447
1424 1446 1.5105899271505765
1425 1441 2.75499253966331
1425 1423 3.8171871432121263
1425 1421 5.650848272669508
1426 426 6.473067214126561
1427 1428 0.731581943522666
1427 1449 2.158843544769438
1427 1450 2.159848692770798
1428 1427 0.731581943522666
1428 1517 13.00151878000883
1429 179 4.838425460359177
1429 94 1.8474601910324764
1430 1435 2.182565844384441
1430 1434 5.203475793708931
1430 1431 8.3086112175215
1431 1432 1.6220614202107861
1431 1430 8.3086112175215
1431 1433 5.056867912511116
1432 1431 1.6220614202107861
1433 1431 5.056867912511116
1434 1274 6.8387617065049575
1434 1278 6.397442996809544
1434 1430 5.203475793708931
1435 1430 2.182565844384441
1436 1524 16.406902226435562
1437 1218 0.5172845325628261
1438 1265 3.2070688295803675
1439 1442 1.1005500541083895
1440 1441 1.139224792048519
1441 1425 2.75499253966331
1441 1440 1.139224792048519
1441 1229 3.311399658639254
1442 1424 6.696790606609784
1442 1422 3.150398674263277
1442 1439 1.1005500541083895
1443 1421 5.40850852038957
1444 1421 6.360791071567655
1445 1423 1.3973912586674762
1446 1424 1.5105899271505765
1447 1422 1.5741811101034844
1448 1531 16.27222835048314
1449 1416 3.3304289024893676
1449 1427 2.158843544769438
1449 1450 3.195493752917767
1451 1390 2.6826765943262365
1451 1391 1.9999008502423143
1451 444 4.615066175071201
1452 1416 3.4697784329178276
1452 1391 2.7214493222519383
1453 1454 0.6564845492819946
1454 1453 0.6564845492819946
1454 1475 1.5650683018957994
1454 465 3.30283825029001
1455 469 0.5975571451482592
1456 61 2.2990499458513707
1456 60 2.36547042429092
1457 20 1.7385262029804271
1457 12 38.37258907818285
1458 1459 5.165912456038717
1459 1214 0.2991835860697579
1459 1418 16.452720983669085
1459 1458 5.165912456038717
1460 489 0.9024949912661296
1460 1461 0.9334261534247237
1460 488 4.350526428303229
1461 1460 0.9334261534247237
1462 142 0.8558607319816622
1463 517 8.09186464192193
1464 1408 1.45440015833534
1464 108 30.136409540801264
1465 1466 0.4464399568464343
1466 1174 0.4822417156422668
1466 1465 0.4464399568464343
1466 52 15.877936887253943
1467 92 0.7049777443061879
1467 1270 2.382099386629343
1468 1270 2.9043472179037617
1468 1467 3.479967073927264
1469 1273 0.8142063788839611
1470 1472 3.216661074765942
1471 1472 0.8288065982672645
1471 1473 2.1856032542971087
1472 1471 0.8288065982672645
1472 1468 4.8820111703638895
1472 1470 3.2166610747659425
1473 1139 5.596443045534573
1473 1472 2.3857680910966748
1474 1269 0.6712545126488636
1474 91 2.7800499458298074
1475 1454 1.5650683018957994
1476 1009 0.6979222591201827
1476 1477 0.6870939877660293
1476 1006 3.843061312210872
1477 1476 0.6870939877660293
1478 468 0.6924661267027001
1479 468 1.5129779648892079
1480 30 0.6701887617008421
1481 31 1.3983759477136355
1482 32 4.007233005225827
1483 1132 4.361886248645996
1484 100 23.179580165051274
1484 108 1.4311262348270948
1485 529 6.795852694255124
1486 1407 30.180176947282423
1487 539 3.179654620067413
1487 540 4.811655291523775
1487 1490 10.618632436841978
1488 1096 0.964680767615602
1489 1096 0.7668292806483735
1490 1491 2.166540842666013
1490 1519 7.044967569184638
1490 1487 10.61863243684198
1491 1490 2.166540842666013
1492 1110 3.656904944652393
1493 1110 2.2900997839296187
1494 699 0.9628555964510316
1495 699 0.6697880635010492
1496 694 0.4137908136272946
1496 1497 0.3553546985151658
1496 693 2.863038501046582
1497 1496 0.3553546985151658
1498 629 0.681658545668006
1499 629 0.7082400404697305
1500 1501 0.6075112701036468
1501 626 0.6761384062593513
1501 1500 0.6075112701036468
1501 627 2.420614921071935
1502 645 0.7414913486946736
1503 645 0.7969494816977799
1504 646 0.946124759996078
1505 646 0.7508721602058306
1506 1304 0.7716990657673988
1507 588 0.5957642107380765
1508 588 2.620831544798575
1509 1510 0.6071478520956809
1510 1511 0.641347993876178
1510 1509 0.6071478520956809
1510 713 7.290820331860535
1511 1510 0.641347993876178
1512 1513 0.6189399338551975
1513 714 0.6777428197898058
1513 1512 0.6189399338551975
1513 700 7.893081454081773
1514 1137 76.64702759176585
1514 1521 1.378902178411291
1515 13 29.131370825234903
1515 1516 1.6147476290454104
1516 1520 0.49054989743486194
1516 34 1.5663063448639705
1517 1139 9.757226949991997
1517 1427 9.642459097652575
1518 1263 11.948703874682574
1519 1490 7.044967569184638
1520 1521 0.43646934482468713
1520 1514 1.1577810800787394
1521 1516 0.4086704302995364
1521 1515 1.842468631447626
1522 1524 2.0049345914204246
1523 1050 4.278797554363607
1524 1436 16.406902226435562
1524 1022 3.9581057804076565
1525 1240 2.206777213753456
1526 1240 1.014752101943697
1527 1025 0.4574758424363907
1528 1025 0.5725215660657949
1529 1054 2.2518993386359845
1530 145 5.5601942355992
1530 144 8.04644285025176
1530 146 12.604571109387553
1531 59 6.483178346717439
1531 58 2.3465369554143685
1532 160 3.045717189703774
1532 1532 2.8105906807538354
