0 30 10.763151099853074
0 27 1.3635004717575234
0 33 4.586048029155189
1 19 6.037181222171334
1 2 4.711189661394762
1 30 1.0183990811942385
2 249 7.5237526650898
2 50 5.7899323198184645
2 1 4.711189661394762
3 210 20.268901559901906
3 242 2.295261088793567
3 11 1.182202725478312
4 253 0.32810679663042724
4 48 3.1740080593104927
4 137 1.7980244221662074
5 34 14.917290768473583
5 48 16.389919981006912
5 138 3.9904481491789987
6 12 5.7556906187420624
6 11 36.221524042761445
6 161 4.9737438311261855
7 129 3.358187119358354
7 219 0.5833565350081384
7 247 6.929506181859139
8 58 1.28264085717658
8 242 3.8576405881340445
8 97 8.545343595931156
9 64 14.362463452892824
9 10 4.100050498100775
9 41 9.62264332340397
10 186 17.857676936476484
10 9 4.100050498100776
10 206 4.82593310254547
11 3 1.182202725478312
11 6 36.221524042761445
12 92 6.16834573441825
12 96 21.088321052960687
12 6 5.7556906187420624
13 26 6.093926674859748
13 15 2.573264979787791
14 157 11.153627715913506
14 26 7.211988743000148
16 95 16.698919609585193
17 121 25.821834808015588
17 67 4.401363948724828
17 258 5.165326746006415
18 90 3.3812388683141625
18 76 4.899810364371761
18 70 3.9553956544505438
19 127 11.029663494804849
19 61 3.1434964728464587
19 1 6.037181222171335
20 158 22.755458449638063
20 174 1.9334954550212604
20 175 1.3240113009408374
21 212 5.772683103789631
21 185 17.19070136831268
21 176 19.958254118270897
22 23 3.9788711171538167
22 24 1.3956781312994808
23 109 7.740434827098544
23 22 3.9788711171538163
23 15 4.626669144783878
24 22 1.3956781312994808
24 25 6.460428977056195
25 24 6.460428977056195
26 25 5.185914944882457
26 14 7.211988743000148
26 13 6.0939266748597465
27 0 1.3635004717575232
27 28 5.054554440153328
28 27 5.054554440153328
29 49 32.952258261467854
29 181 8.452024324277525
29 146 17.106011686979375
30 170 5.295101160101001
30 1 1.0183990811942385
30 0 10.763151099853074
31 32 7.639056942588833
31 170 6.216587051131787
31 100 2.42349099402486
32 33 2.2042149473529133
32 31 7.639056942588833
32 227 0.7302560462526893
33 32 2.2042149473529133
33 178 5.943930248722578
33 0 4.58604802915519
34 37 8.560087048340305
34 5 14.917290768473581
35 88 4.181724856277433
35 87 5.065444044215919
36 241 0.5826084627549781
36 88 3.1199920584863152
36 38 9.092355800323674
37 34 8.560087048340304
38 146 11.276381798073006
38 240 4.584396871534644
39 62 5.185173562110433
39 87 3.892700922065093
39 76 5.70477293708713
40 254 0.23884136233976366
40 73 2.2037971280531825
40 46 4.334532752242755
41 251 6.389992824719345
41 9 9.62264332340397
41 68 10.770228976618478
42 43 4.200263580837737
42 79 4.019315725960936
42 47 4.334926785699961
43 44 5.960287665684351
43 42 4.200263580837737
43 204 2.1126178947166827
43 102 4.3810975739188915
44 43 5.960287665684351
44 86 8.36551579701663
44 45 4.386429587448539
44 71 6.5540002676451055
45 123 3.8421306116611325
45 85 1.8618713923244157
45 72 7.587318027770154
45 44 4.386429587448539
46 123 4.5979366140449205
46 143 4.958066288802625
46 40 4.334532752242755
46 86 4.354862661107402
47 102 4.250501710453856
47 42 4.334926785699961
47 82 11.11703240131213
48 4 3.1740080593104927
48 137 3.9609523381766754
48 5 16.389919981006912
49 29 32.95225826146786
50 156 10.949380935453739
50 2 5.789932319818465
50 107 7.861780943808551
51 239 1.2696463583500823
52 210 0.8814516255714778
52 235 4.887384299955393
52 53 18.330427933105828
53 235 4.022045152072464
53 239 9.678044477637101
53 52 18.330427933105828
54 213 3.139911679235433
54 64 7.908610315872441
54 65 8.783480472718002
55 84 19.193707674798137
55 214 7.4496331134887255
55 81 3.460582512643968
56 57 2.0528107903917854
57 56 2.0528107903917854
57 102 8.598476997313423
57 66 4.451239817607319
58 8 1.28264085717658
58 59 3.6789201363808863
58 109 19.029116591203348
59 232 0.6819122353382032
59 58 3.6789201363808863
59 233 1.5004581392365
60 99 20.110542808317497
60 173 2.7335279907281462
60 243 5.57987880696489
61 19 3.1434964728464583
61 99 10.249303391101737
61 141 22.537113752181526
62 39 5.185173562110432
62 73 2.777670177236302
62 74 6.352710114011976
62 143 4.462116083003633
63 35 25.521165494330678
63 89 4.878561450128631
64 118 16.300893452257622
64 54 7.90861031587244
64 9 14.362463452892824
65 215 1.8457667147966486
65 54 8.783480472718
65 115 17.868867415894616
66 67 14.322270782769909
66 85 8.218417644892034
66 57 4.451239817607319
67 66 14.32227078276991
67 70 6.468989205767955
67 17 4.401363948724828
68 204 4.161342407221142
68 41 10.77022897661848
68 71 5.06429643133363
69 250 4.7842450898443225
69 143 4.374831803868031
70 75 5.668467823112931
70 67 6.468989205767955
70 18 3.9553956544505433
71 44 6.5540002676451055
71 68 5.06429643133363
71 218 12.618033676343497
72 75 6.750399681088326
72 45 7.587318027770154
72 120 3.96358746049114
73 207 5.503567712679976
73 62 2.777670177236302
73 40 2.2037971280531825
74 208 2.8074923482398035
74 76 2.5531239110074435
74 62 6.352710114011975
75 72 6.750399681088326
75 70 5.668467823112933
75 208 4.334177198872442
76 74 2.553123911007444
76 39 5.70477293708713
76 18 4.899810364371761
77 253 20.309875375024784
77 124 2.685149897092256
77 142 18.175315709109984
78 79 2.1697465978860917
79 42 4.019315725960935
79 251 2.718105407802678
79 78 2.1697465978860917
80 191 9.462659488277643
80 192 9.419632730182835
80 81 5.505038100488587
81 55 3.4605825126439687
81 251 4.141634902838111
81 80 5.505038100488586
82 84 2.423032598047395
82 47 11.11703240131213
82 128 11.53185606589699
83 84 9.602137556400217
84 83 9.60213755640022
84 82 2.4230325980473952
84 55 19.19370767479814
85 45 1.8618713923244157
85 102 4.225229823608184
85 66 8.218417644892032
86 250 0.3268577282878886
86 44 8.36551579701663
86 46 4.354862661107402
87 35 5.065444044215919
87 39 3.8927009220650928
87 225 4.262394595625192
88 36 3.1199920584863152
88 35 4.181724856277433
89 250 7.521688398330905
89 69 2.740378071541713
90 229 4.4286800553957
90 18 3.3812388683141625
90 148 6.6641730700196575
91 149 5.82919153807124
91 190 14.481700642005373
91 150 8.9014436934103
92 260 16.995854621868897
92 12 6.16834573441825
92 149 3.690893903014861
93 96 3.524988089527319
93 112 13.368532560447406
93 259 15.355718089965018
94 259 11.805018888790936
94 152 3.274179472347745
94 95 8.524223203808296
95 121 3.969645855182308
95 16 16.698919609585193
95 94 8.524223203808294
96 257 2.044607205165655
96 93 3.524988089527319
96 12 21.088321052960683
97 98 6.017700920352186
97 8 8.545343595931154
97 129 9.478492771856638
98 97 6.017700920352186
99 101 3.831107610053374
99 61 10.249303391101737
99 60 20.1105428083175
100 31 2.42349099402486
100 101 6.047502531004086
101 100 6.047502531004086
101 99 3.831107610053374
102 85 4.225229823608185
102 47 4.250501710453856
102 43 4.3810975739188915
102 57 8.598476997313423
103 180 7.824205433604268
103 168 13.28017537889434
104 107 3.18758064416841
105 107 1.4461347854835176
105 244 3.0108530036216976
105 108 7.3271362306023065
106 154 7.865762547369921
106 184 5.6062576851089325
107 105 1.4461347854835176
107 104 3.18758064416841
107 50 7.86178094380855
108 105 7.3271362306023065
109 129 8.910608986931173
109 58 19.02911659120335
109 23 7.740434827098544
110 111 0.9286130147904447
110 189 2.6740544390546233
110 113 11.621161466982727
111 110 0.9286130147904447
112 113 2.005588229657174
112 93 13.368532560447406
112 162 7.231833763640325
113 112 2.005588229657174
113 152 9.06062177430432
113 110 11.621161466982725
114 257 22.022326708967107
115 65 17.868867415894616
115 213 1.8334005842760444
115 117 5.09546975771603
116 118 4.253102059653923
117 117 7.704121713077999
117 115 5.09546975771603
118 116 4.253102059653923
118 64 16.30089345225762
118 193 15.742547720475045
119 249 14.576813483567978
120 209 0.37384246340533406
120 72 3.96358746049114
120 123 5.824782668296797
121 17 25.821834808015588
121 95 3.969645855182308
121 122 8.402066644493082
122 121 8.402066644493082
123 46 4.5979366140449205
123 45 3.8421306116611325
123 120 5.824782668296797
124 249 2.4120290261161226
124 77 2.685149897092256
124 160 4.6468263189218355
125 127 4.4616233215207926
126 258 10.155523232781153
127 19 11.02966349480485
127 145 5.823984110938483
127 125 4.461623321520793
128 82 11.531856065896992
129 7 3.358187119358354
129 109 8.910608986931173
129 97 9.478492771856638
130 133 4.3002679196317555
131 132 5.789681117364376
132 133 1.395409511032299
132 256 6.261231643725358
132 131 5.789681117364376
133 132 1.395409511032299
133 135 2.144283019854502
133 130 4.3002679196317555
134 140 14.120283410092533
135 133 2.144283019854502
136 139 9.302647728419519
137 256 0.2178643260565809
137 253 1.6621600940475685
138 139 8.72710458673198
138 169 20.18155874788955
138 5 3.990448149178998
139 140 3.7615709836064934
139 138 8.727104586731977
139 136 9.30264772841952
140 188 12.236478619383375
140 139 3.761570983606494
140 134 14.120283410092533
141 61 22.53711375218153
142 77 18.175315709109988
143 46 4.958066288802625
143 62 4.462116083003633
144 188 4.4582154556658935
145 127 5.823984110938483
146 29 17.106011686979375
147 229 2.611633023708827
148 90 6.6641730700196575
149 190 15.936786028464233
149 91 5.82919153807124
149 92 3.690893903014861
150 91 8.9014436934103
151 230 9.076984505403134
152 113 9.06062177430432
152 94 3.274179472347745
152 153 3.41961243192153
153 152 3.419612431921531
154 248 0.24675542960001548
154 63 1.4143392945966733
154 106 7.865762547369922
155 27 13.428996893907348
155 181 3.6376765247770413
156 184 2.798176248893327
156 252 1.1222682582704102
156 50 10.949380935453739
157 24 0.8779084210582382
157 22 1.9592027978965476
158 159 4.456935669177277
158 168 7.8886821369570574
158 20 22.755458449638063
159 158 4.456935669177277
160 124 4.6468263189218355
161 6 4.9737438311261855
162 112 7.231833763640325
163 165 2.3915153500173565
164 165 1.437835011231422
165 164 1.437835011231422
165 163 2.3915153500173565
165 166 4.462774070934837
166 167 1.4380747116037362
166 165 4.462774070934837
166 168 4.634745753824886
167 166 1.4380747116037362
168 103 13.28017537889434
168 158 7.8886821369570574
168 166 4.634745753824886
169 138 20.18155874788955
169 169 7.813372759550228
170 31 6.216587051131788
170 30 5.295101160101002
170 171 4.324084843815108
171 170 4.3240848438151085
172 173 7.726470494949421
173 60 2.7335279907281462
173 178 3.0372570713656986
173 172 7.726470494949419
174 175 1.9328814815545141
174 256 30.93736234301641
174 20 1.93349545502126
175 174 1.9328814815545141
175 20 1.3240113009408374
176 182 2.216576293907122
176 21 19.958254118270897
176 221 10.076461680459632
177 211 20.797007856408
177 180 1.0396284817249646
178 173 3.0372570713656977
178 181 4.129382247386136
178 33 5.9439302487225785
179 221 6.252451639455139
179 177 0.9228165076119988
180 179 1.391871668009657
180 103 7.824205433604267
181 155 3.637676524777041
181 178 4.129382247386136
181 29 8.452024324277525
182 217 2.2318590171219372
182 176 2.216576293907122
182 183 1.3052567920530291
183 182 1.3052567920530291
184 106 5.6062576851089325
184 156 2.798176248893327
185 21 17.19070136831268
185 218 1.662267386194539
186 187 2.7854364601689787
186 210 14.520173185634956
186 10 17.857676936476487
187 186 2.7854364601689787
188 140 12.236478619383377
188 144 4.458215455665894
189 110 2.6740544390546233
190 149 15.936786028464233
190 91 14.481700642005373
190 260 2.7471348181140094
191 80 9.462659488277643
192 80 9.419632730182832
193 195 2.3751725146553135
193 118 15.742547720475045
193 201 2.4427410664323674
194 199 1.2638135745255328
194 195 2.6034922478163787
194 197 3.231794061970327
195 194 2.6034922478163787
195 193 2.3751725146553135
195 196 3.458017785320591
196 195 3.458017785320591
197 194 3.231794061970327
198 199 2.510070770353812
199 194 1.2638135745255328
199 200 1.4623135920644061
199 198 2.510070770353812
200 199 1.4623135920644061
201 202 0.9969306069319275
201 203 2.5668363225973234
201 193 2.4427410664323674
202 201 0.9969306069319275
203 201 2.5668363225973234
204 43 2.1126178947166827
204 68 4.161342407221142
204 205 6.486805547732101
205 204 6.486805547732101
206 10 4.82593310254547
207 73 5.503567712679976
207 208 1.0321753839091032
207 255 3.931523326162868
208 74 2.8074923482398035
208 75 4.3341771988724425
208 207 1.0321753839091032
209 120 0.37384246340533406
209 254 1.0492739610925863
209 255 1.7834610543570972
210 52 0.8814516255714778
210 3 20.2689015599019
210 186 14.520173185634956
211 177 19.005217846899804
212 21 5.772683103789631
213 115 1.8334005842760444
213 54 3.139911679235433
213 216 1.7619827958639749
214 55 7.4496331134887255
215 65 1.8457667147966486
216 213 1.761982795863975
217 182 2.2318590171219372
218 71 12.618033676343499
218 248 0.6539567098206257
219 7 0.5833565350081384
219 245 2.1018091191319117
220 245 1.5030734226167992
221 176 10.076461680459632
221 179 6.252451639455138
221 222 2.324453101221386
222 223 5.666640366030311
222 221 2.324453101221386
222 224 2.6159377431371054
223 223 11.832215768027229
223 222 5.666640366030311
224 222 2.6159377431371045
225 88 3.9295770626797055
225 226 4.58877542593917
226 225 4.588775425939169
227 32 0.7302560462526893
228 229 4.06160846812089
229 147 2.611633023708827
229 90 4.4286800553957
229 228 4.06160846812089
230 151 9.076984505403134
230 257 14.770321347035335
230 231 2.7015591190951036
231 230 2.7015591190951036
232 59 0.6819122353382032
233 59 1.5004581392365
234 239 0.6428870174195542
235 52 4.887384299955393
235 53 4.022045152072464
235 237 3.438299414487206
236 237 2.091026220185001
237 236 2.091026220185001
237 238 1.2733191793823675
237 235 3.438299414487206
238 237 1.2733191793823675
239 234 0.6428870174195542
239 53 9.678044477637101
239 51 1.2696463583500823
240 38 4.5843968715346435
241 36 0.5826084627549781
242 8 3.8576405881340445
242 11 2.0535027891384727
243 60 5.57987880696489
244 105 3.0108530036216976
245 220 1.5030734226167992
245 246 0.6047489047587683
245 219 2.1018091191319117
246 245 0.6047489047587683
247 7 6.9295061818591375
248 154 0.24675542960001548
248 218 0.6539567098206257
248 185 1.8501299031345904
249 124 2.4120290261161226
249 2 7.5237526650898
249 119 14.57681348356798
250 86 0.3268577282878886
250 69 4.7842450898443225
250 89 7.521688398330905
251 79 2.718105407802678
251 41 6.3899928247193465
251 81 4.141634902838112
252 156 1.12226825827041
253 4 0.32810679663042724
253 77 20.309875375024788
254 40 0.23884136233976366
254 209 1.0492739610925863
254 255 1.8926619490332481
255 207 3.9315233261628686
255 254 1.8926619490332484
255 209 1.7834610543570972
256 137 0.2178643260565809
256 174 30.93736234301641
256 132 6.261231643725358
257 114 22.0223267089671
257 96 2.044607205165655
257 230 14.770321347035335
258 126 10.155523232781153
258 259 14.059088519186496
258 17 5.165326746006415
259 94 11.805018888790938
259 258 14.059088519186496
259 93 15.355718089965018
260 190 2.7471348181140094
260 92 16.995854621868897
