0 14 35.09973975074131
0 23 45.1152159888962
1 2 5.499038831648793
1 16 15.184576408125954
1 52 3.856876853980354
2 3 8.115087274364937
2 1 5.499038831648793
2 8 5.37446019796027
3 38 9.697964056998096
3 2 8.115087274364937
3 75 12.516043744550307
4 53 4.787267701757255
4 32 9.145805659539974
4 46 2.952496746491799
5 9 13.846285144436907
5 19 5.738999751581645
5 8 9.556020213086818
6 7 6.7967671940433725
6 15 8.931335258636409
7 11 22.42383917004916
7 6 6.7967671940433725
7 24 11.82379648797578
8 82 11.523847737323944
8 2 5.37446019796027
8 5 9.556020213086818
9 20 4.120576383557419
9 5 13.846285144436905
9 10 4.830848947459073
10 9 4.8308489474590735
10 82 3.5793636445150394
10 18 18.22563173102466
11 7 22.42383917004916
11 50 4.433613055054411
11 12 98.40534317267443
12 13 2.6191779547580687
12 11 98.40534317267443
13 12 2.6191779547580687
14 0 35.09973975074131
15 6 8.93133525863641
15 16 28.007681416153773
15 38 7.529417331152396
16 15 28.007681416153773
16 1 15.184576408125956
16 64 59.51915051857078
17 20 12.230207864480192
17 18 5.304280974911926
17 59 22.264553519723737
18 17 5.304280974911926
18 46 3.9907459265813103
18 10 18.225631731024663
19 20 17.541251541141264
19 5 5.738999751581645
19 22 5.8615927157364345
20 9 4.120576383557419
20 19 17.541251541141264
20 17 12.230207864480192
21 56 13.879379941737001
21 49 2.141915135003145
22 19 5.861592715736435
22 59 10.620874889356719
23 63 65.05796696900092
23 62 45.69684473598057
23 0 45.11521598889622
24 25 2.9945001928333865
24 7 11.82379648797578
24 28 4.0766279422953
25 60 3.825308363565941
25 26 2.694754054333334
25 24 2.9945001928333865
26 27 2.041145925052333
26 25 2.694754054333334
26 61 3.407933920094236
27 26 2.041145925052333
28 24 4.0766279422953
29 53 1.6684306405023044
29 30 2.8857224837188387
29 31 3.5038440264802673
30 29 2.8857224837188387
31 29 3.5038440264802673
32 51 6.27848150118862
32 63 3.125731220541633
32 4 9.145805659539976
33 75 4.6191795698882006
33 34 9.751435281144289
33 36 4.021122348437534
34 33 9.751435281144289
34 35 61.2620106205802
34 37 4.517196270002755
35 34 61.26201062058019
36 36 30.150559195196305
36 33 4.021122348437534
37 34 4.517196270002755
38 57 3.8671039841859147
38 15 7.529417331152396
38 3 9.697964056998096
39 59 25.579003146402723
40 41 4.351731332450522
41 42 8.470939431116925
41 62 5.767495700881934
41 40 4.351731332450522
42 65 5.382023322672338
42 41 8.470939431116925
42 47 5.847761054336684
43 44 4.3937205984512735
43 65 0.6804039355192144
43 67 4.911476188767317
44 43 4.3937205984512735
44 52 7.894703985767449
44 54 5.747327415935307
45 83 0.5163121103193618
45 84 0.17697558383274353
45 46 8.956443877554454
46 45 8.956443877554454
46 4 2.952496746491799
46 18 3.990745926581311
47 42 5.847761054336684
48 67 2.6687117070768362
49 21 2.141915135003145
50 56 9.102262705372802
50 11 4.433613055054411
50 55 10.673845937883318
51 85 0.49176087488488285
51 86 0.5419159757509698
51 32 6.27848150118862
52 82 4.8272503493050385
52 44 7.894703985767448
52 1 3.856876853980354
53 29 1.6684306405023044
53 4 4.787267701757255
53 54 15.971901016448397
54 53 15.971901016448395
54 65 1.9241599157158193
54 44 5.747327415935307
55 50 10.673845937883318
56 81 0.7157533224136593
56 21 13.879379941737001
56 50 9.1022627053728
57 38 3.8671039841859147
57 68 1.6763957158953031
57 58 5.407335095050226
58 57 5.407335095050226
59 39 25.579003146402723
59 17 22.264553519723737
59 22 10.620874889356719
60 25 3.825308363565941
61 26 3.407933920094236
62 74 4.913788507093223
62 23 45.69684473598057
62 41 5.767495700881933
63 74 5.330710278346309
63 23 65.05796696900092
63 32 3.125731220541633
64 16 59.51915051857077
65 43 0.6804039355192144
65 42 5.382023322672338
65 54 1.9241599157158193
66 67 0.7903684418166882
67 66 0.7903684418166882
67 43 4.911476188767318
67 48 2.6687117070768362
68 57 1.6763957158953031
69 87 3.0565931758349203
69 73 0.5794048819762938
69 70 7.051558791381164
70 71 3.322092311122018
70 69 7.051558791381166
70 72 2.532917962956196
71 70 3.322092311122018
72 70 2.532917962956196
72 74 1.1433861067232127
72 88 0.8953894984169141
73 69 0.5794048819762938
74 63 5.330710278346309
74 62 4.913788507093223
74 72 1.1433861067232127
75 3 12.516043744550306
75 33 4.6191795698882006
75 76 4.042521103928752
76 78 2.523611284372377
76 77 7.8062511630805576
76 75 4.042521103928752
77 76 7.8062511630805576
78 76 2.523611284372377
79 81 3.8700979408708056
80 81 8.211566947673642
81 56 0.7157533224136593
81 79 3.8700979408708056
81 80 8.211566947673644
82 10 3.5793636445150394
82 8 11.523847737323942
83 45 0.5163121103193618
84 45 0.17697558383274353
85 51 0.49176087488488285
86 51 0.5419159757509698
87 69 3.0565931758349203
88 72 0.8953894984169141
