0 717 1.2226456245975512
0 719 2.9902408321174745
0 270 7.901485801856195
1 716 0.9808949762575448
1 378 41.436791657170716
1 694 51.5640575930523
2 9 2.8039253568343567
2 8 0.9843741332627215
3 715 15.275035503511873
3 717 3.480951190456595
4 619 33.010216318103105
4 716 45.98943171777314
4 665 21.125761856631758
4 653 80.8284092093116
5 9 23.46364740625571
5 660 35.62430236095692
6 475 1.9093888311087828
6 511 1.4291205947544112
6 513 5.019047645981194
7 511 9.92295725698871
7 488 3.384844588082809
7 504 15.767279646339345
8 705 0.3810440707180557
9 5 23.46364740625571
9 8 2.6261029574028507
10 517 6.942528895510423
10 518 66.7589471805916
10 437 24.043393205514114
11 504 11.615870030347548
11 510 4.776646949488014
11 85 1.464689079277865
12 14 8.01266485010103
12 91 13.228134364364001
12 161 24.415124017760874
13 92 8.338128290695192
13 365 2.13575541502103
13 98 4.848830567858181
14 110 9.703838280975047
14 363 18.626741651198266
14 368 2.920958644671627
14 12 8.01266485010103
15 489 2.1068434628933863
15 491 7.028459311008785
16 697 17.701051438077815
16 17 104.33289742346007
17 695 84.21289440127792
17 16 104.33289742346005
17 18 122.39262775436762
18 17 122.39262775436764
19 20 3.098830584408348
19 46 9.59309006945295
19 163 23.994113759106796
20 19 3.098830584408348
20 21 3.5889840899693284
20 305 3.8347648962546996
21 20 3.5889840899693284
22 725 1.993770006077631
22 699 1.7939789754370574
22 23 16.753184698119245
23 24 138.8192199857721
23 25 119.78573383710436
23 22 16.753184698119245
24 23 138.8192199857721
25 23 119.78573383710437
25 112 19.66512259784384
25 111 44.21341868847965
26 111 62.00314011271323
27 275 55.81160669236232
28 34 10.989012970010492
28 29 8.17856310504702
28 274 20.48148676282472
29 41 4.487250201049346
29 28 8.17856310504702
29 865 2.0190217392483976
30 31 5.882766673631683
30 41 6.6133256615065275
30 35 12.692757292515605
31 32 3.6462056125499402
31 30 5.882766673631683
31 798 3.5218698104598483
32 33 8.410373219918837
32 31 3.6462056125499394
32 797 11.66997081653375
33 43 15.736490946192216
33 32 8.410373219918837
33 39 2.75552968673108
34 28 10.989012970010494
35 30 12.692757292515605
36 37 1.596906722175233
36 38 2.7591345999188284
36 39 2.5796906487766518
37 36 1.596906722175233
38 36 2.7591345999188284
39 36 2.5796906487766518
39 33 2.75552968673108
39 40 3.640362219197556
40 39 3.640362219197556
41 29 4.487250201049346
41 42 5.239492089572052
41 30 6.6133256615065275
42 41 5.239492089572052
43 661 21.558901004550936
43 33 15.736490946192216
43 674 2.971005644105059
44 674 4.122717825467966
45 46 6.172236684718378
46 47 1.8576837410140672
46 19 9.593090069452952
46 45 6.172236684718378
47 46 1.8576837410140672
48 163 0.9450231158822344
48 49 11.00704774490832
48 107 5.373477239813077
49 779 7.65167223668505
49 48 11.007047744908318
49 50 7.0067218488375165
50 49 7.006721848837515
51 489 2.413824755450274
51 52 4.887519487613812
51 110 4.974566226897248
52 784 9.20963786853997
52 15 6.338277741255046
53 784 7.141456033857749
53 55 7.796287102806859
53 54 1.2356711620278433
54 56 4.826221188258466
54 86 6.437889029309803
54 53 1.2356711620278433
55 53 7.79628710280686
55 853 3.3557311530689287
55 854 4.096390794238232
56 57 1.695132159634715
56 54 4.826221188258466
56 850 4.672773568672338
57 58 4.337822527109093
57 56 1.695132159634715
57 64 7.625927778226201
58 57 4.337822527109093
58 65 2.985474245900697
58 59 6.186297765137178
59 60 16.81503490993202
59 58 6.186297765137178
59 66 16.208194349204447
60 61 8.400808208143145
60 59 16.81503490993202
60 67 16.531242832179693
61 62 7.652907557853927
61 68 6.697434512880403
61 60 8.400808208143145
62 61 7.652907557853927
63 851 1.11048529939244
63 852 0.8237567661434622
63 850 2.4473195590465733
64 71 8.27600315897162
64 57 7.625927778226201
64 567 8.828350032526512
65 58 2.985474245900697
66 59 16.208194349204447
67 60 16.531242832179693
68 61 6.697434512880403
68 529 6.214711929435049
68 534 12.53069563369578
69 72 4.087795457875026
69 529 8.352770500955891
69 521 9.785352543911452
70 567 4.422480289692821
70 534 12.132433877176048
70 536 4.68015944738858
71 86 1.1691225630148423
71 64 8.27600315897162
71 578 11.233509846828454
72 73 3.2039937410426735
72 69 4.087795457875025
72 78 9.330580902969107
73 79 2.2205381055964395
73 74 2.2111560313478575
73 72 3.2039937410426735
74 75 2.436887416052156
74 73 2.2111560313478575
74 82 5.716480581638028
75 76 4.419632392408408
75 74 2.436887416052156
75 840 4.670097338603946
76 838 1.8233794955350906
76 75 4.419632392408407
76 84 5.515594293361596
77 838 5.949535961636652
78 72 9.330580902969109
79 73 2.2205381055964395
79 80 4.723200683574602
79 81 5.545026972848135
80 79 4.723200683574602
81 79 5.545026972848135
82 74 5.716480581638028
83 840 3.7126586609309244
84 76 5.515594293361596
85 572 5.807954273281363
85 11 1.464689079277865
85 656 12.529531593640266
86 71 1.1691225630148423
86 54 6.437889029309803
86 87 9.539374379410456
87 88 3.354338379771546
87 89 2.635980055114732
87 86 9.539374379410456
88 87 3.354338379771546
88 88 9.004866590277395
89 87 2.635980055114732
90 390 5.3494623740336085
90 383 6.853345004963935
90 382 1.88448081584661
91 749 0.7397281949381321
91 750 6.797788945582344
91 12 13.228134364363997
92 771 5.286329258451259
92 13 8.338128290695192
92 961 4.362606632833765
93 771 0.10944272957257176
93 206 29.916379683273057
93 160 5.257087157774072
94 772 3.193926602858977
94 961 0.7503606586860088
94 97 2.7446906218485267
95 870 1.114600715231228
95 96 3.1691722202991097
95 772 5.289091306410742
96 95 3.1691722202991097
97 94 2.7446906218485267
98 969 1.3354401736582726
98 100 13.64154954929639
98 13 4.848830567858181
99 152 2.947034374913899
99 109 7.0289534623626695
99 969 4.886030318203275
100 101 6.17662528329427
100 98 13.64154954929639
100 364 7.0164704495326005
101 100 6.17662528329427
101 348 3.657748681014229
101 109 6.9133282141583035
102 104 4.780053743831732
102 348 6.568084032130467
102 109 16.917458647761034
103 358 5.824308992047483
103 350 0.8312272684471945
103 104 10.196845705257893
104 102 4.780053743831732
104 103 10.196845705257893
104 105 8.83540248467108
105 106 5.22653866816769
105 307 3.1872354730796086
105 104 8.83540248467108
106 105 5.22653866816769
106 107 15.49892238723933
106 108 7.805877750371734
107 106 15.49892238723933
107 152 16.838962857534142
107 48 5.373477239813077
108 106 7.805877750371735
109 101 6.9133282141583035
109 99 7.0289534623626695
109 102 16.917458647761034
110 216 9.895741386896777
110 14 9.703838280975047
110 51 4.974566226897248
111 26 62.00314011271323
111 25 44.21341868847965
112 113 3.0726899607982245
112 115 23.56033278863848
112 25 19.66512259784384
113 125 3.3504261918013087
113 112 3.0726899607982245
113 116 4.83358311481245
114 677 4.750795146438687
114 140 3.859007362201858
114 125 9.854598036663266
115 112 23.560332788638483
116 117 3.336507659639983
116 113 4.83358311481245
116 687 3.199016550448381
117 118 4.12646162011895
117 116 3.336507659639983
117 681 5.577058442189813
118 119 3.5286307424266345
118 117 4.12646162011895
118 122 4.3904326828771305
119 124 2.4994056313714634
119 688 4.19170225530656
119 118 3.528630742426634
120 687 0.6131808537123102
121 681 0.7218513397035535
122 690 0.6509642854951857
122 692 4.669034472798508
122 118 4.3904326828771305
123 692 0.6537766482202874
124 119 2.4994056313714634
125 113 3.3504261918013087
125 126 9.0711862887457
125 114 9.854598036663266
126 127 4.527240372238858
126 125 9.0711862887457
126 680 4.311878337804676
127 128 4.131892196756348
127 126 4.527240372238858
127 684 2.741345167849511
128 127 4.131892196756348
128 129 2.3673655081269382
128 683 5.8541130671843895
129 130 7.409292180918439
129 128 2.3673655081269382
129 679 2.521256583148654
130 131 3.5209788593704907
130 129 7.40929218091844
130 137 8.405611677646544
131 130 3.5209788593704907
132 134 3.3647967236793646
132 680 4.563199310342291
132 133 3.096219267504883
133 132 3.096219267504883
134 132 3.3647967236793646
135 684 0.5206413386654057
136 683 0.5125484523193293
137 130 8.405611677646545
138 679 0.9056041325289609
139 677 0.9008091676626635
140 142 2.586929330521661
140 141 26.923857152737384
140 114 3.859007362201858
141 140 26.923857152737384
142 144 2.5801785973627975
142 140 2.586929330521661
142 143 5.5653842524915405
143 142 5.5653842524915405
144 145 3.9431886998800483
144 142 2.5801785973627975
144 661 4.93725467584439
145 146 1.6648884597476263
145 144 3.9431886998800483
145 675 0.5007926482189041
146 145 1.6648884597476263
147 699 17.843860009949683
147 165 18.753860260634156
147 148 4.430785542733168
148 149 2.487244371121334
148 151 3.1786942709107766
148 147 4.430785542733168
149 148 2.487244371121334
149 150 3.67215371753042
149 728 2.4555824726753754
150 149 3.67215371753042
151 148 3.1786942709107766
152 99 2.947034374913899
152 153 22.147113609612735
152 107 16.838962857534142
153 152 22.147113609612724
154 890 4.530804590198607
154 725 24.77405238305061
154 167 4.658839577077046
155 212 2.3426200980734913
155 156 7.415266945230553
155 727 15.225692809535673
156 157 2.146701448486175
156 207 5.399136308483083
156 155 7.415266945230553
157 156 2.146701448486175
157 195 6.243732556196928
157 158 13.084023913385739
158 196 25.872529327602336
158 159 5.946086238350705
158 157 13.084023913385737
159 202 3.2568708945829536
159 160 6.153606819058996
159 158 5.946086238350704
160 159 6.153606819058996
160 198 9.09020587604882
160 93 5.257087157774072
161 209 6.574221872584859
161 12 24.41512401776087
161 771 9.024779307824623
162 749 4.2058393212339995
163 164 6.403642452819954
163 48 0.9450231158822344
163 19 23.994113759106796
164 163 6.403642452819954
165 147 18.753860260634156
165 305 13.866488290140282
165 169 9.583202609122257
166 179 3.625154522440073
166 183 2.146059804874112
166 180 5.529896750246059
167 168 3.7360752244224256
167 154 4.658839577077046
167 889 3.175994729729307
168 167 3.7360752244224256
169 811 6.497477246143986
169 165 9.583202609122258
169 177 2.808476444694122
170 882 1.01759515871976
170 811 1.2458734630255655
170 176 6.405873397121272
171 172 2.7910593339336014
171 882 2.6093409051332714
171 175 2.424582351625745
172 178 3.0698795330904547
172 173 6.680602517126835
172 171 2.7910593339336014
172 881 2.7475193104892766
173 174 2.340212049333595
173 172 6.680602517126835
173 814 2.3665227076025945
174 173 2.340212049333595
175 171 2.424582351625745
176 170 6.405873397121272
177 169 2.808476444694122
178 809 2.3884534336645804
178 172 3.0698795330904547
178 885 2.427771651828426
179 166 3.625154522440073
179 809 2.942958068818455
179 888 4.4075908111386815
179 184 4.065801789724404
180 181 2.306799721035631
180 894 1.3622034811433457
180 166 5.529896750246059
181 180 2.306799721035631
182 894 1.0093964470380141
183 166 2.146059804874112
184 179 4.0658017897244045
185 886 0.8532034325341962
185 887 1.9198854938166035
185 885 1.6980130120481698
186 782 3.7861070255481875
186 783 10.60025691657189
186 190 16.568682905447574
187 188 2.71028893359156
188 189 3.7077204599333218
188 187 2.71028893359156
188 190 5.091349143035151
189 188 3.7077204599333218
190 188 5.091349143035151
190 186 16.56868290544757
190 194 9.081757638951174
191 193 3.3199940673598185
192 193 5.8821020873046885
193 192 5.8821020873046885
193 191 3.3199940673598185
193 895 1.14078721448414
193 194 4.034008758147471
194 193 4.034008758147471
194 190 9.081757638951174
194 195 5.073030854144625
195 194 5.073030854144625
195 157 6.243732556196928
195 896 3.623259798044615
196 158 25.872529327602336
197 199 9.984756931048151
198 199 4.547889215075141
198 200 1.2065871170161573
198 160 9.09020587604882
199 198 4.547889215075141
199 201 1.2390178104117053
199 197 9.984756931048148
200 198 1.2065871170161573
201 199 1.2390178104117053
202 159 3.2568708945829536
202 203 6.934081852482992
202 204 2.271899378411061
203 202 6.934081852482992
204 202 2.271899378411061
205 921 0.7067953353425371
206 93 29.91637968327306
207 156 5.399136308483083
207 921 2.3884255312085085
207 208 7.412913807835464
208 207 7.412913807835466
209 161 6.574221872584859
210 211 0.7677181710315549
210 666 1.6295935970856723
210 667 5.049520772082354
211 210 0.7677181710315549
212 667 4.62689054106925
212 155 2.3426200980734913
212 213 3.3206990942665873
213 669 0.8223032237234229
213 214 3.7732084130842596
213 212 3.320699094266587
214 213 3.7732084130842596
215 216 3.805969123316717
216 215 3.805969123316717
216 110 9.895741386896777
216 217 4.574830686848269
217 368 1.1889913036470396
217 216 4.574830686848269
217 220 4.891647638038676
218 224 8.031565130590229
218 219 3.480116542449774
218 366 12.666313218878786
219 220 0.5509115166597077
219 218 3.4801165424497746
219 730 6.989091734360213
220 219 0.5509115166597077
220 221 6.77828229638127
220 217 4.891647638038677
221 220 6.778282296381271
222 223 7.889675305735585
222 731 3.992984393068209
222 730 3.167682421340389
223 224 9.771377082196954
223 225 7.960998893658391
223 222 7.889675305735585
224 223 9.771377082196954
224 339 0.5057657096853753
224 218 8.031565130590229
225 223 7.960998893658392
225 226 7.838216865593679
225 229 56.860471375031324
226 227 2.258787048245153
226 225 7.838216865593679
226 228 4.322188038178806
227 226 2.258787048245153
228 773 3.8903549565924207
228 919 4.084801065641908
228 226 4.322188038178806
229 231 6.651522220770813
229 225 56.86047137503132
229 924 11.626175984287672
230 231 3.2362667834838943
231 230 3.2362667834838943
231 232 5.462047908704793
231 229 6.651522220770813
232 231 5.462047908704793
232 234 2.06531946669985
232 235 8.483150707309601
233 234 8.149283151325564
234 232 2.06531946669985
234 233 8.149283151325564
234 236 7.243650411392085
235 232 8.483150707309601
236 234 7.243650411392085
236 863 10.346192203755415
236 253 1.5198900670876492
237 858 1.8102430126087272
237 807 7.714012743998549
237 240 3.2083092457392817
238 239 8.521217677691498
238 735 5.691578514683732
238 287 8.451540530251917
239 858 6.712457024729604
239 238 8.521217677691498
239 861 6.76248378669997
240 237 3.2083092457392817
241 244 4.068277259132255
242 243 8.171807577749286
242 732 4.718605737228799
242 244 4.591541136032263
243 246 3.015207114040124
243 242 8.171807577749286
243 861 4.797660817620766
244 877 1.9902698226505613
244 242 4.591541136032263
244 241 4.068277259132255
245 248 6.639080857814074
246 243 3.015207114040124
246 247 5.563349517966952
246 799 1.4521710321449948
247 246 5.563349517966952
247 248 1.5992489158740824
248 247 1.5992489158740824
248 245 6.639080857814074
249 251 10.280016334923653
250 253 4.359042524009877
250 261 2.9848859958720046
250 251 7.469066685723699
251 249 10.280016334923653
251 250 7.4690666857237
251 252 5.251888040255571
252 251 5.251888040255571
253 254 6.734174334185993
253 250 4.359042524009877
253 236 1.5198900670876492
254 253 6.734174334185993
255 256 3.159256589245379
256 255 3.159256589245379
256 733 4.381253093533073
256 262 2.8934367350219103
257 259 5.184166105705967
257 733 3.9579627374614486
257 258 11.265628482376759
258 257 11.265628482376759
259 260 5.655674741730903
259 257 5.184166105705967
259 263 5.434557668333906
260 259 5.655674741730903
260 260 2.9116090371901313
261 250 2.9848859958720046
261 306 1.9286619992462022
261 799 5.0309284959738045
262 264 8.758662820801202
262 256 2.893436735021911
262 736 3.673066491470132
263 259 5.434557668333906
263 786 3.007234279430513
263 334 10.510269819215075
264 262 8.758662820801202
265 266 7.238836702550777
266 707 3.539303771098462
266 265 7.238836702550777
266 735 5.352413038073486
267 868 49.9306001206111
267 655 7.887904679517522
267 268 8.222893826682627
268 659 209.5846154369013
268 267 8.222893826682627
268 662 1.867435097641234
269 713 1.3875437621115194
269 662 3.5212390388906445
270 737 11.65708943539348
270 0 7.901485801856195
270 954 2.8515191878887416
271 272 34.658852954361684
271 273 7.357189990203141
271 723 42.25375408808857
272 280 1.2409678128554351
272 271 34.65885295436168
273 271 7.357189990203141
274 278 0.9167189385789071
274 28 20.48148676282472
275 276 2.0879318774952935
275 27 55.811606692362325
276 277 1.164985018301976
277 274 1.0091967748059059
277 278 0.6325817724716252
278 279 0.3718484130178444
279 272 1.355759432220826
279 280 0.6360129743317132
280 281 0.3993188596805604
281 276 0.6725133589120346
281 275 1.9918765453315734
282 285 1.6727849677696598
282 283 3.1267301441562245
282 287 17.16018634869059
283 284 0.5229827826912339
283 976 2.6441137773971404
283 282 3.1267301441562245
284 283 0.5229827826912339
284 739 2.8449286375554372
284 285 3.847654598122685
285 282 1.6727849677696598
285 286 2.9837092346206933
285 284 3.847654598122686
286 285 2.9837092346206933
287 288 4.202138118264224
287 282 17.16018634869059
287 238 8.451540530251918
288 287 4.202138118264224
288 289 2.480106712020217
288 290 2.553796132281407
289 290 2.756211604580196
289 298 9.56607976305454
290 332 5.370485473801746
290 288 2.553796132281407
291 292 3.355960640471769
291 740 6.7158114722090865
291 298 6.861520057037875
292 291 3.355960640471769
292 292 4.714678466494626
293 333 5.365025730104654
293 334 14.390579047957434
293 328 8.262091515577936
294 295 2.6411637044173135
294 297 2.7904850949394984
294 296 6.208954874792411
295 294 2.6411637044173135
296 294 6.20895487479241
297 294 2.7904850949394984
297 302 18.482534017708737
297 333 2.6421081102895454
298 299 17.578769112723908
298 291 6.861520057037875
298 289 9.56607976305454
299 300 6.826579088440184
299 301 3.3877990719721445
299 298 17.57876911272391
300 299 6.826579088440184
300 302 14.931959915861492
300 740 10.695115514468176
301 299 3.3877990719721445
301 301 4.76724071702263
302 300 14.931959915861496
302 303 12.926549193294605
302 297 18.482534017708737
303 304 5.355960049815269
303 321 5.081843085351869
303 302 12.926549193294607
304 303 5.355960049815269
304 304 16.02767670775144
305 661 1.273788691767467
305 165 13.866488290140284
305 20 3.8347648962546996
306 261 1.9286619992462022
307 105 3.1872354730796086
307 319 10.177319030917884
307 308 8.526528332361114
308 315 1.3158609717485168
308 314 2.0521124759950737
308 309 2.7447077508143707
308 307 8.526528332361114
309 313 1.0203157497666484
309 310 2.738864091326106
309 308 2.7447077508143707
310 312 1.157509000413203
310 311 1.6067181098043524
310 309 2.738864091326106
311 310 1.6067181098043524
312 310 1.157509000413203
313 309 1.0203157497666484
314 308 2.0521124759950737
315 308 1.3158609717485168
316 317 7.372511971466972
316 318 9.695402230978216
316 319 8.099858344372997
317 316 7.372511971466972
317 317 6.054025577067337
318 320 10.496493232137997
318 316 9.695402230978216
318 321 20.22457740510477
319 358 3.327864998305064
319 307 10.177319030917884
319 316 8.099858344372997
320 318 10.496493232137997
321 658 2.748390821396043
321 303 5.081843085351869
321 318 20.22457740510477
322 323 4.4592305393713625
323 322 4.4592305393713625
323 325 5.4818937530666085
323 326 11.738389999304273
324 325 4.199267214855452
325 324 4.199267214855453
325 658 8.088563805425474
325 323 5.481893753066609
326 323 11.738389999304271
327 328 6.25389351826417
328 738 3.2029116604284833
328 293 8.262091515577936
328 327 6.25389351826417
329 330 4.166106643204383
330 331 4.7724768275504665
330 329 4.166106643204383
330 332 4.990168598460051
331 330 4.772476827550467
332 738 2.9185008402460073
332 290 5.370485473801746
332 330 4.990168598460051
333 297 2.6421081102895454
333 293 5.365025730104654
333 347 14.005754963571741
334 748 8.276936659861795
334 263 10.510269819215075
334 293 14.390579047957434
335 743 1.8623889738025077
335 773 3.8515594768333283
335 336 8.286085691899789
336 335 8.286085691899787
337 338 4.834559252874585
338 337 4.834559252874585
338 340 7.020330472498571
338 341 11.132173866001521
339 919 3.2467197789292874
339 224 0.5057657096853753
339 340 11.334180790028368
340 341 18.183381772014553
340 339 11.334180790028368
340 338 7.020330472498571
341 342 3.8842644034503078
341 340 18.183381772014553
341 338 11.132173866001521
341 343 8.153783207813273
342 341 3.8842644034503078
343 353 3.3134744570686454
343 341 8.153783207813273
343 347 14.720435431104317
344 345 7.092036423086747
345 347 7.909026186571046
345 344 7.092036423086747
345 346 5.744735053030187
346 345 5.744735053030187
347 345 7.909026186571046
347 343 14.720435431104322
347 333 14.005754963571741
348 102 6.568084032130467
348 101 3.657748681014229
348 349 9.491603385533594
349 751 0.6125149629933444
349 350 7.882855756870982
349 348 9.491603385533594
350 103 0.8312272684471945
350 349 7.882855756870982
350 351 5.634303880715927
351 352 6.862156961581396
351 353 15.183732163700274
351 350 5.634303880715927
352 351 6.862156961581396
352 353 8.575534611290744
352 751 10.970693249082615
353 352 8.575534611290744
353 343 3.3134744570686454
353 351 15.183732163700274
354 355 3.069058655036986
354 360 1.7310297783760629
354 359 2.475917915681919
355 354 3.069058655036986
355 357 5.890105962293626
355 358 8.051757306036201
356 357 3.4329002413544094
357 355 5.890105962293626
357 356 3.4329002413544094
357 828 2.3014622100056914
358 319 3.327864998305064
358 103 5.824308992047483
358 355 8.0517573060362
359 354 2.475917915681919
360 354 1.7310297783760629
361 362 3.737789867272279
361 367 12.044813379960393
362 361 3.737789867272279
362 751 7.003635544472801
363 364 0.8051941962470456
363 367 2.730609932529166
364 100 7.0164704495326005
364 363 0.8051941962470456
364 365 13.316787937504015
365 749 5.741618171752631
365 13 2.13575541502103
365 364 13.316787937504017
366 218 12.66631321887879
367 361 12.044813379960392
367 363 2.730609932529166
367 368 17.126405168017723
368 217 1.1889913036470396
368 367 17.12640516801772
368 14 2.9209586446716265
369 491 2.582706550081039
369 370 3.433465576494098
369 493 3.753638441799516
370 369 3.4334655764940982
371 414 11.54514989573172
371 469 18.097877931617624
371 475 4.986397426562985
372 424 1.4720981059866547
372 758 7.327176654270104
372 392 5.662191990730958
373 387 3.145447135051078
373 390 1.3699226104985553
373 374 2.962677356264405
374 373 2.962677356264405
374 869 8.918541415387484
374 382 7.63731829106742
375 376 3.161493435833201
376 375 3.161493435833201
376 379 4.892474143008701
376 776 3.630603001240683
377 379 5.274048719557456
377 869 8.399180735378467
377 378 22.087288013125047
378 1 41.43679165717072
378 377 22.087288013125043
378 752 8.834087532491774
379 377 5.274048719557456
379 376 4.892474143008701
379 380 13.0506789460953
380 379 13.050678946095298
381 871 2.921487660217493
381 776 8.666208677020963
381 382 5.175160318654955
382 374 7.63731829106742
382 381 5.175160318654955
382 90 1.88448081584661
383 90 6.853345004963935
383 392 10.007680903580319
383 871 4.642057734930377
384 774 3.1884290844031917
384 387 7.481943189254723
384 385 14.076289680563654
384 386 6.430602311704043
385 384 14.076289680563656
386 384 6.4306023117040425
387 384 7.481943189254723
387 373 3.145447135051078
387 753 8.317034125810165
388 389 2.6398895972205247
389 388 2.6398895972205247
389 390 3.0118564952043667
389 391 13.7811221994535
390 373 1.3699226104985553
390 90 5.3494623740336085
390 389 3.0118564952043667
391 389 13.7811221994535
392 383 10.007680903580319
392 372 5.662191990730958
392 393 8.43453547223535
393 392 8.43453547223535
394 395 4.496006335718781
394 423 2.4720850181143503
394 396 7.464173099266763
394 700 12.376384692005765
395 394 4.496006335718781
396 394 7.464173099266763
397 401 3.0052222295706756
398 399 2.620629851781341
399 400 3.774868534737712
399 398 2.620629851781341
399 407 8.202717352645546
400 757 2.9130431158963606
400 399 3.774868534737712
400 405 3.631902431724467
400 756 3.4789554244983982
401 402 4.447428215805413
401 757 3.797264092658782
401 397 3.0052222295706756
402 403 3.227152208356014
402 401 4.447428215805413
402 404 2.81752424917848
402 754 5.731639451601736
403 402 3.227152208356014
404 402 2.81752424917848
404 975 0.3674012537379851
404 406 3.4571287029465334
405 905 1.5787190528297075
405 904 0.8984803236230453
405 400 3.631902431724467
406 404 3.4571287029465334
407 409 2.5620224643948784
407 399 8.202717352645546
407 420 5.896133106214814
408 409 5.125598096069204
409 407 2.5620224643948784
409 408 5.125598096069204
409 412 5.475670209434999
410 411 1.2911485500287192
411 412 2.206218947470881
411 410 1.2911485500287192
411 413 1.7577825908261238
412 411 2.206218947470881
412 418 9.698236752997587
412 409 5.475670209434999
413 411 1.7577825908261238
414 415 1.5786555778777802
414 416 1.821782482800582
414 371 11.54514989573172
415 414 1.5786555778777802
416 414 1.821782482800582
417 418 8.374029082897598
418 419 2.9407479792258835
418 417 8.374029082897597
418 412 9.698236752997587
419 418 2.9407479792258835
420 407 5.896133106214814
420 427 13.869279205303702
420 830 3.1033779375107193
421 422 3.1624185555202966
421 910 3.7594346178980613
421 424 4.993369363995637
422 421 3.1624185555202966
422 468 2.29738424868518
422 423 7.307273242877921
423 466 4.322030374396853
423 394 2.4720850181143503
423 422 7.307273242877923
424 372 1.4720981059866547
424 469 5.698828004673116
424 421 4.993369363995638
425 426 5.1652433805425515
426 425 5.165243380542552
426 428 8.309930087594093
426 427 6.269905587417944
427 426 6.269905587417945
427 420 13.869279205303704
427 440 19.916212635003845
428 426 8.309930087594093
429 430 4.041672570811136
430 459 2.545452204933423
430 429 4.041672570811136
430 435 5.299506768657212
431 432 2.30518982587383
432 431 2.30518982587383
432 433 10.498252942924312
432 462 15.73684051275042
433 434 5.958732704827299
433 432 10.498252942924312
433 459 12.99646995126685
434 433 5.958732704827299
434 454 13.584822204265432
434 459 7.220395923284404
435 436 4.553978045221135
435 430 5.299506768657213
435 439 3.766440810781517
436 435 4.553978045221135
437 438 4.4060333827252895
437 565 4.060483053270526
437 10 24.04339320551411
438 439 8.706929904011206
438 437 4.4060333827252895
438 458 1.9838005678005448
439 435 3.766440810781517
439 438 8.706929904011204
439 460 6.341171347459277
440 427 19.916212635003845
440 461 5.502398200091341
440 441 8.545164778513993
441 440 8.545164778513993
442 451 1.4867634797287412
442 443 3.6361601970868134
442 444 6.610259020935006
443 442 3.6361601970868134
444 445 3.6301590762494156
444 442 6.610259020935006
444 446 5.569035372070719
445 444 3.6301590762494156
446 447 3.4590801966414912
446 444 5.569035372070719
446 448 3.9178437516978186
447 446 3.4590801966414917
448 449 1.7681337662000016
448 446 3.9178437516978186
448 450 4.259755348406608
449 448 1.7681337662000016
450 461 9.452212901519282
450 454 3.3368556524074275
450 448 4.259755348406608
451 442 1.4867634797287412
452 453 4.24083700852348
452 456 5.53328601921701
452 455 6.230219429834637
453 454 4.695794722419554
453 452 4.24083700852348
453 457 7.029615856830653
454 453 4.695794722419554
454 450 3.3368556524074275
454 434 13.584822204265429
455 452 6.230219429834637
456 452 5.53328601921701
457 453 7.029615856830653
458 438 1.9838005678005448
459 430 2.545452204933423
459 434 7.220395923284404
459 433 12.99646995126685
460 439 6.341171347459276
461 450 9.452212901519282
461 440 5.502398200091341
461 462 7.882879419822984
462 464 5.679255806728923
462 432 15.736840512750423
462 461 7.882879419822984
463 464 2.1454898322076663
464 463 2.1454898322076663
464 462 5.679255806728923
464 465 5.266079534793421
465 464 5.266079534793421
466 423 4.322030374396853
466 908 1.734600695517854
466 910 2.2465110508407586
467 830 0.07474809509663918
467 908 4.443871826999996
467 831 3.983799633352923
468 422 2.29738424868518
469 424 5.698828004673116
469 371 18.09787793161762
469 470 7.677081327976889
470 912 0.9804049377874152
470 469 7.6770813279768895
470 474 2.947662758842361
471 472 4.015200476691852
471 912 3.787497808225281
471 473 4.340081079817429
472 471 4.015200476691853
473 471 4.340081079817428
474 470 2.947662758842361
475 6 1.9093888311087828
475 371 4.986397426562985
475 476 1.3540849308283223
476 475 1.3540849308283223
476 485 8.953485802483359
476 477 10.518568419577678
477 478 1.905049126978933
477 481 3.3331697365526787
477 476 10.51856841957768
478 477 1.905049126978933
479 480 3.942380009500234
480 483 2.835848219356933
480 479 3.942380009500234
480 481 3.9404314858007967
481 480 3.9404314858007967
481 482 3.697501915112849
481 477 3.3331697365526787
482 481 3.697501915112849
483 480 2.835848219356933
484 485 6.141916854622191
485 484 6.141916854622191
485 486 5.258165714105279
485 476 8.953485802483359
486 487 8.837516286545805
486 485 5.258165714105279
487 486 8.837516286545807
488 7 3.384844588082809
488 486 3.754527823320144
488 493 22.922813624839137
489 51 2.413824755450274
489 15 2.1068434628933863
489 490 5.951907244919456
490 489 5.951907244919456
491 369 2.582706550081039
491 492 1.3470046101383393
491 15 7.028459311008786
492 491 1.3470046101383393
493 369 3.753638441799516
493 488 22.922813624839137
493 651 0.9920059327915031
494 759 9.193522992548656
494 651 0.8375465626732602
494 501 6.424635816639417
495 651 19.842446615979153
496 760 0.4381774577030756
496 901 1.7320039352789818
496 497 9.321901566341273
497 496 9.321901566341273
498 760 5.089291336793543
499 500 9.775095408349214
500 503 0.8853884681651459
500 760 4.095842596749296
500 499 9.775095408349214
501 503 10.626214176574106
501 494 6.424635816639417
501 770 14.77311639505302
502 503 15.932317047676024
503 501 10.626214176574106
503 500 0.8853884681651459
503 502 15.932317047676024
504 7 15.767279646339347
504 11 11.615870030347548
504 506 3.846478083819461
505 507 8.69635753160838
506 507 3.7385634963207965
506 504 3.846478083819461
506 508 3.3744973235829807
507 505 8.696357531608378
507 506 3.7385634963207965
507 509 4.053931111901295
508 506 3.3744973235829816
509 507 4.053931111901295
510 510 34.706515798821684
510 11 4.776646949488014
511 6 1.4291205947544112
511 7 9.92295725698871
511 512 4.411328236709157
512 511 4.411328236709157
513 6 5.019047645981194
514 515 5.122639150655015
515 569 3.09233791476553
515 514 5.122639150655015
515 565 6.832601005915755
516 517 13.558180114820612
517 10 6.942528895510423
517 516 13.558180114820614
517 697 28.542441012637877
518 10 66.75894718059159
518 519 16.537085091185272
518 696 50.02403489333041
519 521 2.7842955822847877
519 520 4.741860002260642
519 518 16.537085091185272
520 519 4.741860002260642
521 522 4.523293325618799
521 519 2.7842955822847877
521 69 9.785352543911452
522 523 4.24896768228475
522 521 4.523293325618799
522 524 5.2461598725811065
523 526 2.8808562093746435
523 522 4.24896768228475
523 532 3.70537163660406
524 522 5.2461598725811065
525 526 3.1958405995164516
526 523 2.8808562093746435
526 525 3.1958405995164516
526 790 5.15544183997718
527 528 5.609212039006537
527 898 0.9689142712192732
527 897 1.146125496192183
528 527 5.609212039006537
528 533 6.642745471352587
528 790 7.199658392316202
529 68 6.214711929435049
529 69 8.352770500955891
529 530 7.363522031507439
530 531 5.15447509075721
530 533 16.726063402950356
530 529 7.363522031507439
531 532 1.6525332388266458
531 530 5.15447509075721
532 531 1.6525332388266458
532 523 3.70537163660406
533 530 16.726063402950356
533 528 6.642745471352588
533 543 4.700273925613252
534 535 5.059484883161619
534 70 12.132433877176048
534 68 12.53069563369578
535 534 5.059484883161619
535 535 5.807790668410684
536 70 4.680159447388581
536 538 4.580312475511905
536 836 23.401703260952154
537 845 1.1886379002560736
537 846 1.281842676587035
537 538 5.896202621610658
538 537 5.896202621610658
538 536 4.580312475511905
538 539 6.299372017918756
539 551 6.193675091800849
539 540 6.097631369627864
539 538 6.299372017918756
540 539 6.097631369627862
541 542 3.5159353375954643
542 541 3.5159353375954643
542 544 2.5200615143326957
542 543 5.797309879006464
543 542 5.797309879006464
543 533 4.700273925613252
543 545 2.277873890963259
544 542 2.5200615143326957
545 546 4.171313347049334
545 543 2.277873890963259
545 551 4.031274184671077
546 547 3.9503592964352405
546 550 2.0681891371602292
546 545 4.171313347049334
547 548 1.2875064888032077
547 546 3.9503592964352405
547 549 1.903333210080816
548 547 1.2875064888032077
549 547 1.903333210080816
550 546 2.0681891371602292
551 539 6.193675091800849
551 545 4.031274184671077
551 552 2.6416439581926316
552 789 3.7357055010383626
552 551 2.6416439581926316
552 554 3.0209642591302313
553 554 2.038675991511197
554 552 3.02096425913023
554 553 2.038675991511197
554 903 0.9394993151202065
555 556 2.180601452186434
556 561 11.36214802571182
556 558 3.1572841711478565
556 555 2.180601452186434
557 558 4.275608886237004
558 556 3.1572841711478565
558 789 1.8215258207083223
558 557 4.275608886237004
559 560 11.745619730569322
560 561 4.446178084533797
560 559 11.745619730569322
560 566 9.320148984935843
561 562 7.701974483088836
561 556 11.36214802571182
561 560 4.446178084533797
562 563 1.4745340699981127
562 561 7.701974483088836
562 564 3.1891219368616364
563 562 1.4745340699981127
564 562 3.1891219368616364
565 566 8.513850692925827
565 515 6.832601005915755
565 437 4.060483053270526
566 560 9.320148984935843
566 836 6.70003297688082
566 565 8.513850692925828
567 70 4.422480289692821
567 64 8.828350032526512
567 569 38.38760544907655
568 579 8.761908277795857
569 515 3.09233791476553
569 567 38.38760544907656
569 656 6.889799798509161
570 832 2.4838285281223933
570 656 6.760624556748787
570 833 1.1441379523932589
571 572 16.956005683459285
572 85 5.807954273281363
572 657 13.215144230223817
572 571 16.95600568345929
573 574 5.403656152823154
574 576 7.165738512648994
574 573 5.403656152823155
574 657 11.964867384563993
575 576 2.2799727611862197
576 575 2.2799727611862197
576 574 7.165738512648994
576 577 4.878661012110909
577 576 4.878661012110909
578 657 1.6172936193024976
578 71 11.233509846828454
578 579 8.226980161417904
579 568 8.761908277795857
579 578 8.226980161417904
579 581 7.737787774692419
580 581 9.005821793551004
581 582 3.8851741910157678
581 580 9.005821793551004
581 579 7.737787774692419
582 581 3.8851741910157678
583 823 1.044724305794825
583 761 3.113934407800079
583 825 5.8027059212362
584 592 1.3234861811330785
584 761 2.9092563521898924
584 585 9.272509072021402
585 586 5.085383239333834
585 584 9.272509072021402
585 587 2.8374755458837413
586 585 5.085383239333834
587 585 2.8374755458837413
588 589 3.34174975345576
589 767 1.062060094027213
589 588 3.34174975345576
589 593 8.413482407569226
590 815 0.711260784584799
590 766 1.5045140865342634
590 591 3.162244891629241
591 592 4.875158121043336
591 590 3.162244891629241
591 767 5.455337366127164
592 594 4.00434048054114
592 584 1.3234861811330785
592 591 4.875158121043336
593 589 8.413482407569226
594 592 4.00434048054114
594 645 7.384012566397385
594 595 11.666536638102768
595 598 5.070583566346537
595 594 11.666536638102766
595 602 6.56688557274773
596 597 3.6059087323834835
597 599 1.6407456993019904
597 598 4.837264206779337
597 596 3.6059087323834835
598 603 2.572541530713172
598 595 5.070583566346537
598 597 4.837264206779337
599 597 1.6407456993019904
600 603 5.332032725511543
600 604 10.274314162689883
600 602 7.77758166427097
601 602 2.890392123661473
602 601 2.890392123661473
602 600 7.77758166427097
602 595 6.56688557274773
603 598 2.572541530713172
603 604 6.361866636274913
603 600 5.332032725511543
604 607 5.577970846786132
604 603 6.361866636274913
604 600 10.274314162689887
605 606 3.7657005171804845
606 608 5.646010876143921
606 607 3.63357082434267
606 605 3.7657005171804845
607 606 3.6335708243426703
607 604 5.577970846786132
607 624 15.038643178185065
608 606 5.646010876143921
608 609 2.756213062209291
608 770 9.764125062584746
609 608 2.756213062209291
609 612 3.5473827899800052
609 610 16.275059672984266
610 609 16.27505967298427
611 612 5.292597222405498
612 611 5.292597222405498
612 609 3.5473827899800052
612 631 10.02214145295632
613 614 5.8255487351511865
613 855 3.549436772110352
613 856 2.6266065876381095
614 631 0.7248386496879345
614 613 5.8255487351511865
614 615 3.5382296051069777
615 764 20.768897650134292
615 614 3.5382296051069777
615 619 6.2551631935316525
616 617 1.141439089043735
617 618 2.717232041968654
617 616 1.141439089043735
617 620 4.159763388894337
618 619 7.271330801704661
618 617 2.717232041968654
618 769 5.884233272154513
619 618 7.271330801704661
619 615 6.2551631935316525
619 4 33.010216318103105
620 617 4.159763388894337
620 622 1.7813643526513665
620 621 3.1379664652660546
621 620 3.1379664652660546
622 620 1.7813643526513665
623 769 10.420116078981005
624 607 15.038643178185067
624 631 6.006184032661789
624 630 9.645372429208702
625 626 5.748310798490112
626 625 5.748310798490111
626 627 4.7979761955290385
626 628 3.8093020596547147
627 626 4.7979761955290385
628 768 5.80771747269929
628 630 3.367810380311479
628 626 3.8093020596547142
629 630 4.62647491686141
630 629 4.626474916861409
630 624 9.645372429208702
630 628 3.3678103803114796
631 614 0.7248386496879345
631 624 6.006184032661789
631 612 10.02214145295632
632 770 13.973393038363167
633 634 3.1626208354470475
634 633 3.1626208354470475
634 635 3.5582020590482273
634 645 5.082795948753929
635 926 6.066862895583786
635 639 2.2871237566250673
635 634 3.5582020590482273
636 637 4.53175532819569
637 645 0.8406154604264459
637 636 4.53175532819569
637 901 13.976149929469349
638 639 8.080363913442657
639 638 8.080363913442655
639 646 2.9020558210244873
639 635 2.2871237566250673
640 641 5.153955071061538
641 644 3.3479673853898793
641 640 5.153955071061538
641 646 3.845287736165063
642 647 2.380853671620514
643 644 4.74434127506458
644 647 2.819624761209298
644 641 3.3479673853898793
644 643 4.744341275064581
645 637 0.8406154604264459
645 594 7.384012566397385
645 634 5.082795948753929
646 649 2.514802894581491
646 641 3.845287736165063
646 639 2.9020558210244864
647 642 2.380853671620514
647 644 2.819624761209298
647 873 4.832366337124515
648 649 3.0150529490730977
649 650 1.3465971387517865
649 646 2.514802894581491
649 648 3.0150529490730977
650 649 1.3465971387517865
651 495 19.842446615979156
651 493 0.9920059327915031
651 494 0.8375465626732602
652 653 72.94598500969352
652 716 79.33763930590578
652 672 246.9611997597727
653 652 72.94598500969353
653 4 80.8284092093116
653 654 44.724241962370186
654 653 44.724241962370186
655 267 7.887904679517522
656 570 6.760624556748787
656 85 12.529531593640264
656 569 6.889799798509161
657 578 1.6172936193024976
657 572 13.215144230223817
657 574 11.964867384563993
658 321 2.748390821396043
658 865 8.879146534500741
658 325 8.088563805425474
659 868 175.88783587466003
659 268 209.5846154369013
659 780 70.87827202500873
660 5 35.624302360956925
660 774 29.895112600164747
660 698 96.26001582127923
661 305 1.273788691767467
661 43 21.558901004550943
661 144 4.93725467584439
662 663 3.2069900064167207
662 269 3.5212390388906445
662 268 1.8674350976412335
663 662 3.2069900064167207
664 665 21.495551149603457
665 664 21.495551149603457
665 947 25.279184790685438
665 4 21.12576185663176
665 673 35.832888250230276
666 210 1.6295935970856723
667 668 0.6824336405726051
667 210 5.049520772082354
667 212 4.62689054106925
668 667 0.6824336405726051
669 213 0.8223032237234229
670 703 1.3300731464764266
671 672 45.32512252494517
672 652 246.96119975977263
672 671 45.325122524945165
673 665 35.832888250230276
673 710 1.2757991581902077
674 796 0.6980758765549724
674 44 4.122717825467965
674 43 2.971005644105059
675 145 0.5007926482189041
676 677 0.720918402782176
677 676 0.720918402782176
677 139 0.9008091676626635
677 114 4.750795146438687
678 679 0.7401237756184613
679 678 0.7401237756184613
679 138 0.9056041325289609
679 129 2.521256583148654
680 974 0.9354900421411595
680 132 4.563199310342291
680 126 4.311878337804676
681 121 0.7218513397035535
681 682 0.5815799294481091
681 117 5.577058442189813
682 681 0.5815799294481091
683 136 0.5125484523193293
683 973 0.865241268457371
683 128 5.8541130671843895
684 135 0.5206413386654057
684 685 0.4415093111336526
684 127 2.741345167849511
685 684 0.4415093111336526
686 687 0.6708973031604953
687 120 0.6131808537123102
687 686 0.6708973031604953
687 116 3.199016550448381
688 689 0.9319268071482807
688 959 3.7039714829575616
688 119 4.19170225530656
689 688 0.9319268071482807
690 122 0.6509642854951857
691 692 0.8562551296167046
692 123 0.6537766482202874
692 691 0.8562551296167046
692 122 4.669034472798508
693 702 1.2227194522310785
694 706 1.9289884921100133
694 1 51.56405759305231
695 17 84.21289440127792
696 518 50.02403489333041
697 517 28.542441012637884
697 16 17.701051438077815
698 660 96.26001582127921
699 22 1.7939789754370574
699 147 17.843860009949683
699 725 1.4073488597495882
700 394 12.376384692005765
701 693 1.3031901790094365
701 702 1.064381763656167
702 704 0.6244242045835549
703 701 0.4443492004493829
704 694 2.086745308380269
704 706 1.014286601568857
705 670 1.4818424269923482
705 703 0.8009924753076179
706 2 0.5544939068993452
707 266 3.539303771098462
707 709 1.81740805689264
708 673 1.2991395707138582
708 710 0.5886327963483201
709 708 0.2230054109375712
710 711 0.37129741591294063
711 269 1.3408498381724294
711 713 0.6645133194064057
712 707 1.8198019174070994
712 709 0.7805624417743463
713 714 0.13963481659722493
714 3 15.307387436254334
714 715 0.8586791532896203
715 712 1.3623662156428076
716 1 0.9808949762575448
716 4 45.98943171777314
716 652 79.33763930590578
717 0 1.2226456245975512
717 3 3.480951190456595
718 720 1.8087491363262618
719 717 3.5689472917828953
719 724 6.669348852170728
720 721 1.5505077518310746
720 723 3.0260448207272654
721 722 2.0594717940830267
722 718 1.2887362838063237
722 724 2.3485792120821207
723 271 42.25375408808858
723 721 3.107071782340272
724 719 6.669348852170728
724 718 2.2641750875499778
725 22 1.993770006077631
725 154 24.774052383050616
725 699 1.4073488597495882
726 728 1.3791003791230474
727 155 15.225692809535674
727 890 1.8750524855650776
727 892 3.507130306078143
728 729 1.435703335069016
728 726 1.3791003791230474
728 149 2.4555824726753746
729 728 1.435703335069016
730 857 3.236404752728909
730 219 6.989091734360213
730 222 3.167682421340389
731 222 3.992984393068209
732 242 4.718605737228799
733 257 3.9579627374614486
733 256 4.381253093533073
733 932 8.524790495408137
734 800 1.1982974313811985
734 801 1.5254747009871639
734 736 5.194112673475312
735 238 5.691578514683732
735 266 5.352413038073486
735 943 21.967694944838648
736 262 3.673066491470132
736 863 1.916876159800124
736 734 5.194112673475312
737 270 11.65708943539348
738 328 3.2029116604284833
738 332 2.9185008402460073
738 741 14.026427971616087
739 284 2.8449286375554372
740 923 2.349217073035755
740 300 10.695115514468176
740 291 6.7158114722090865
741 738 14.026427971616087
742 744 4.381107719969411
742 747 1.399002097233839
742 745 5.899079758104154
743 786 3.9092980835755182
743 335 1.8623889738025077
743 747 2.653654728972294
744 742 4.381107719969411
745 742 5.899079758104154
746 747 5.745139569949209
747 742 1.399002097233839
747 743 2.653654728972294
747 746 5.74513956994921
748 334 8.276936659861795
749 91 0.7397281949381321
749 365 5.741618171752631
749 162 4.2058393212339995
750 91 6.797788945582343
751 349 0.6125149629933444
751 362 7.0036355444728
751 352 10.970693249082615
752 378 8.834087532491774
753 387 8.317034125810165
754 402 5.731639451601736
755 757 3.0270376671652692
756 400 3.4789554244983982
757 401 3.797264092658782
757 400 2.9130431158963606
757 755 3.0270376671652692
758 372 7.327176654270104
758 758 3.2360417501744365
759 494 9.193522992548658
760 500 4.095842596749296
760 496 0.4381774577030756
760 498 5.089291336793543
761 584 2.9092563521898924
761 583 3.113934407800079
761 918 4.24340762870659
762 947 1.7790894599146272
762 823 4.672423704626801
762 827 4.189085856087111
763 764 1.1268769936470122
764 763 1.1268769936470122
764 615 20.768897650134292
764 952 6.283022594724122
765 769 2.7993511438868484
766 590 1.5045140865342634
767 589 1.062060094027213
767 591 5.455337366127164
767 816 2.704386478076099
768 628 5.80771747269929
769 618 5.884233272154513
769 765 2.7993511438868484
769 623 10.420116078981007
770 501 14.773116395053021
770 608 9.764125062584746
770 632 13.973393038363168
771 93 0.10944272957257176
771 92 5.286329258451259
771 161 9.024779307824623
772 94 3.193926602858977
772 967 2.247353853998957
772 95 5.289091306410742
773 335 3.8515594768333283
773 228 3.8903549565924207
773 777 10.746262155494692
774 384 3.1884290844031917
774 778 6.217886955365704
774 660 29.895112600164744
775 776 6.386073780787108
776 381 8.666208677020963
776 376 3.630603001240683
776 775 6.386073780787108
777 773 10.746262155494692
778 774 6.217886955365704
779 49 7.651672236685051
780 659 70.87827202500874
781 782 3.119541819845544
782 867 11.705211880089168
782 186 3.7861070255481875
782 781 3.119541819845544
783 186 10.600256916571889
784 53 7.141456033857749
784 52 9.20963786853997
784 785 3.6506734856037975
785 784 3.6506734856037975
786 787 5.596775876067708
786 263 3.007234279430513
786 743 3.9092980835755182
787 786 5.596775876067708
788 789 5.83754876738333
789 558 1.8215258207083223
789 552 3.7357055010383626
789 788 5.83754876738333
790 528 7.199658392316202
790 526 5.15544183997718
790 792 4.648624285661264
791 844 0.7157207815049819
792 793 3.8703400512954125
792 790 4.648624285661264
792 844 3.5537235584574027
793 792 3.8703400512954125
793 841 1.3405958185352902
793 842 0.6000698742998934
794 820 4.435356760854873
794 928 4.431418827751258
794 917 6.737503627038197
795 820 2.340214536125601
795 915 3.9064961974401826
795 822 3.729579318428023
796 674 0.6980758765549724
797 32 11.66997081653375
798 31 3.5218698104598483
798 798 4.4288726813128765
799 261 5.0309284959738045
799 246 1.4521710321449948
799 804 7.504991283040298
800 734 1.1982974313811985
801 734 1.5254747009871639
802 880 5.683917812080721
802 878 8.306207230759728
802 803 3.1105470609861716
803 804 2.239750476938023
803 879 5.578166975970359
803 802 3.1105470609861716
804 803 2.239750476938023
804 799 7.504991283040298
804 962 6.578672851160232
805 807 2.2296796473312464
806 807 1.2504979757331076
807 237 7.714012743998549
807 805 2.2296796473312464
807 806 1.2504979757331076
808 809 2.622233768664025
809 179 2.942958068818455
809 178 2.3884534336645804
809 808 2.622233768664025
810 811 4.276084549753347
811 170 1.2458734630255655
811 169 6.497477246143986
811 810 4.276084549753347
812 814 0.3105447415359956
813 814 1.3917314822141567
814 812 0.3105447415359956
814 813 1.3917314822141567
814 173 2.366522707602594
815 590 0.711260784584799
816 767 2.704386478076099
817 819 3.018488026372743
818 819 3.5061330044301102
819 817 3.018488026372743
819 818 3.5061330044301107
819 820 2.6465096515029547
820 795 2.340214536125601
820 794 4.435356760854873
820 819 2.6465096515029547
821 822 4.044523332282605
822 795 3.729579318428023
822 823 2.992945919488257
822 821 4.044523332282605
823 583 1.044724305794825
823 762 4.672423704626801
823 822 2.992945919488257
824 825 1.0429180686325434
825 824 1.0429180686325434
825 826 2.2221997480863944
825 583 5.8027059212362
826 825 2.2221997480863944
827 933 1.3554775980796363
827 934 0.9632522577903829
827 762 4.189085856087111
828 357 2.3014622100056914
829 830 2.7917316556129097
830 467 0.07474809509663918
830 829 2.7917316556129097
830 420 3.1033779375107193
831 467 3.983799633352923
832 570 2.4838285281223933
833 570 1.1441379523932587
834 835 2.7693242884318123
835 836 2.9844221246371787
835 834 2.7693242884318123
835 970 0.6624762818190401
836 835 2.9844221246371787
836 536 23.40170326095216
836 566 6.700032976880821
837 838 2.0649130407505534
838 77 5.949535961636652
838 76 1.8233794955350906
838 837 2.0649130407505534
839 840 2.0544558876588037
840 839 2.0544558876588037
840 83 3.7126586609309244
840 75 4.670097338603947
841 793 1.3405958185352902
842 793 0.6000698742998934
843 900 2.520537365277889
844 791 0.7157207815049819
844 900 0.8699188508440557
844 792 3.5537235584574027
845 537 1.1886379002560736
846 537 1.281842676587035
847 849 1.9867039178218253
848 849 0.7090775131830239
849 847 1.9867039178218253
849 848 0.7090775131830239
849 850 2.2571207162401024
850 63 2.4473195590465733
850 56 4.672773568672338
850 849 2.2571207162401024
851 63 1.11048529939244
852 63 0.8237567661434622
853 55 3.3557311530689287
854 55 4.096390794238232
855 613 3.549436772110352
856 613 2.6266065876381095
857 730 3.236404752728909
858 237 1.8102430126087272
858 239 6.712457024729604
858 859 2.528760186707191
859 860 2.166556594104039
859 858 2.528760186707191
859 874 1.3905020874809206
860 859 2.166556594104039
861 239 6.76248378669997
861 964 5.916403957834193
861 243 4.797660817620766
862 875 0.7515547726859233
863 864 7.5011962942181745
863 736 1.916876159800124
863 236 10.346192203755415
864 863 7.5011962942181745
865 866 4.407637701535735
865 29 2.0190217392483976
865 658 8.87914653450074
866 865 4.407637701535735
867 782 11.705211880089168
868 659 175.88783587466003
868 267 49.9306001206111
869 377 8.399180735378467
869 374 8.918541415387484
869 914 12.9517035028468
870 95 1.114600715231228
871 383 4.642057734930377
871 381 2.921487660217493
871 872 5.479628823062602
872 871 5.479628823062602
873 647 4.832366337124515
874 859 1.3905020874809206
875 862 0.7515547726859233
875 964 0.758579750851783
875 876 0.9450584798921978
876 875 0.9450584798921978
877 244 1.9902698226505613
878 802 8.306207230759728
879 803 5.578166975970359
880 802 5.68391781208072
881 172 2.7475193104892766
882 170 1.01759515871976
882 171 2.6093409051332714
882 883 2.312351318587028
883 882 2.312351318587028
884 885 1.39667614494181
885 185 1.6980130120481698
885 178 2.427771651828426
885 884 1.39667614494181
886 185 0.8532034325341962
887 185 1.9198854938166035
888 179 4.4075908111386815
889 167 3.175994729729307
890 891 3.1878133288633603
890 727 1.8750524855650776
890 154 4.530804590198607
891 890 3.1878133288633603
892 727 3.507130306078143
893 894 3.9133747768422102
894 182 1.0093964470380141
894 180 1.3622034811433457
894 893 3.9133747768422107
895 193 1.14078721448414
896 195 3.623259798044615
897 527 1.146125496192183
898 527 0.9689142712192732
899 900 2.5546972211339516
900 844 0.8699188508440557
900 899 2.5546972211339516
900 843 2.520537365277889
901 496 1.7320039352789818
901 637 13.97614992946935
901 902 6.913203944474942
902 901 6.913203944474942
903 554 0.9394993151202065
904 405 0.8984803236230453
905 405 1.5787190528297075
906 975 1.2414810968896883
907 975 1.1763315540793342
908 909 2.6408745371598767
908 467 4.443871826999996
908 466 1.734600695517854
909 908 2.6408745371598767
910 421 3.7594346178980613
910 466 2.2465110508407586
910 911 3.4371151778275157
911 910 3.4371151778275157
912 470 0.9804049377874152
912 471 3.7874978082252797
912 913 4.071643852872104
913 912 4.071643852872104
914 971 0.7235018235104921
914 972 0.44290650511777085
914 869 12.9517035028468
915 949 1.1731970720458869
915 795 3.906496197440183
915 917 5.636387591181935
916 945 1.3792974360056023
916 944 0.13752948834040069
916 925 5.00743544727553
917 915 5.636387591181935
917 794 6.737503627038197
917 929 4.531678353295292
918 761 4.24340762870659
919 339 3.2467197789292874
919 228 4.084801065641908
919 920 3.894736616054197
920 965 0.7189447520979874
920 966 0.631339769581579
920 919 3.894736616054197
921 205 0.7067953353425371
921 922 0.6013570175191999
921 207 2.388425531208508
922 921 0.6013570175191999
923 740 2.349217073035755
924 229 11.626175984287672
925 916 5.00743544727553
926 635 6.066862895583786
927 944 2.9915431983870957
928 794 4.431418827751258
929 917 4.531678353295292
930 932 1.8670845987310127
931 932 0.7619653188114427
932 930 1.8670845987310127
932 931 0.7619653188114427
932 733 8.524790495408137
933 827 1.3554775980796363
934 827 0.9632522577903829
935 936 0.6359248980494558
936 935 0.6359248980494558
936 941 5.882372256289039
936 938 2.6946099454471186
937 938 3.6595754524846518
938 937 3.6595754524846518
938 936 2.6946099454471186
938 939 7.305659104009193
939 940 0.351594943066486
939 941 4.437981150439392
939 938 7.305659104009192
940 939 0.351594943066486
941 939 4.437981150439392
941 943 3.8761068792323115
941 936 5.882372256289039
942 943 0.27316317379364147
943 941 3.8761068792323115
943 942 0.27316317379364147
943 735 21.967694944838648
944 916 0.13752948834040069
944 927 2.9915431983870957
944 949 4.211177973557624
945 916 1.3792974360056023
946 947 3.304363693774664
947 762 1.7790894599146272
947 665 25.27918479068544
947 946 3.304363693774664
948 949 3.142758220402699
949 944 4.211177973557624
949 915 1.1731970720458869
949 948 3.142758220402699
950 952 1.7420858405132063
951 952 2.181939152107557
952 950 1.7420858405132063
952 951 2.181939152107557
952 764 6.283022594724123
953 954 4.052052217998969
954 953 4.052052217998969
954 270 2.8515191878887416
955 957 0.41951534832038945
956 957 0.8611880276092692
957 955 0.41951534832038945
957 956 0.8611880276092692
957 959 8.908948761903684
958 959 1.9262298295419147
959 958 1.9262298295419147
959 688 3.7039714829575616
959 957 8.908948761903684
960 961 3.603067044012525
961 94 0.7503606586860088
961 92 4.362606632833765
961 960 3.603067044012525
962 804 6.578672851160232
963 964 2.42705024094822
964 875 0.758579750851783
964 861 5.916403957834193
964 963 2.42705024094822
965 920 0.7189447520979874
966 920 0.631339769581579
967 772 2.247353853998957
968 969 2.8962773932423826
969 98 1.3354401736582726
969 968 2.8962773932423826
969 99 4.886030318203275
970 835 0.6624762818190401
971 914 0.7235018235104921
972 914 0.44290650511777085
973 683 0.865241268457371
974 680 0.9354900421411595
975 907 1.1763315540793342
975 404 0.3674012537379851
975 906 1.2414810968896883
976 283 2.6441137773971404
