1 39 701
2 14 1556
2 45 209
2 70 76
2 81 426
2 83 113
3 16 136
3 17 101
3 18 23
3 52 856
3 62 1781
3 83 172
3 84 1432
3 88 240
4 7 80
4 32 151
4 36 557
4 73 482
4 91 154
5 72 68
5 82 10
6 64 99
6 82 106
7 13 10
7 24 3940
7 52 195
7 60 254
7 82 5744
9 19 29
9 93 23
10 68 194
11 11 161
11 31 23
12 17 238
12 19 152
12 49 1230
12 55 901
12 58 628
12 67 1264
13 3 520
13 10 196
13 22 30
14 82 369
15 3 28
16 8 65
16 12 744
16 13 158
16 59 2533
16 60 116
16 69 77
16 82 8966
17 11 176
17 12 1947
17 13 4534
17 18 779
17 22 257
17 46 12586
17 58 693
17 62 2991
17 72 43
17 79 18
17 82 2523
17 87 177
17 94 2729
18 2 1040
18 9 35
18 11 1702
18 12 122
18 13 3225
18 18 45
18 19 1732
18 22 119
18 46 937
18 48 1218
18 59 6580
18 60 18
18 72 402
18 75 450
18 76 2653
18 82 996
18 87 175
18 94 272
18 100 643
19 12 415
19 13 200
19 18 8
19 20 2123
19 60 32
19 62 37
20 5 57
20 7 206
21 56 56
22 7 108
23 7 276
23 16 55
23 36 575
23 81 491
23 82 3918
23 91 401
24 8 2
24 15 27
24 17 16
24 59 19
24 82 157
25 2 3927
25 6 89
25 7 1486
25 19 186
25 69 69
26 7 446
26 10 49
26 16 102
26 17 139
26 91 58
27 13 71
27 20 1020
27 55 245
27 75 326
27 82 1859
27 92 334
28 13 62
28 16 95
28 17 135
28 20 152
28 60 242
28 62 24
28 64 9
28 67 396
28 82 395
28 89 98
29 7 296
29 18 59
29 52 72
29 95 47
30 12 1934
30 16 376
30 17 364
31 10 498
31 11 161
31 25 145
31 59 296
31 60 96
31 75 166
31 82 942
31 92 3
32 11 831
32 13 1969
32 46 8319
32 62 418
34 64 64
35 13 43
35 60 31
36 7 50
36 13 341
36 36 65
36 60 53
36 68 391
36 82 17
36 94 132
37 13 909
37 30 76
38 46 2709
38 49 1230
38 58 776
38 67 976
38 82 241
40 7 39
40 51 13
41 82 22
42 44 66
42 64 841
44 7 245
44 8 2200
44 10 79
44 12 2608
44 15 194
44 17 3721
44 20 2399
44 39 1227
44 73 85
44 84 945
44 91 554
45 39 2828
45 55 478
46 86 267
47 5 4739
47 7 39
47 13 25
47 14 166
47 15 271
47 18 436
47 20 3782
47 49 374
47 59 7443
47 81 1479
47 82 1199
47 89 295
47 99 201
49 76 178
52 8 164
52 39 2005
53 2 130
53 18 431
53 19 288
53 44 177
53 93 1013
54 13 1627
54 26 3168
54 76 427
54 82 4852
55 13 86
56 5 3183
56 17 578
56 39 1437
56 81 2904
56 99 1235
57 93 31
58 12 269
58 17 181
58 54 238
59 72 1038
60 37 5614
60 43 2006
60 49 486
60 55 1497
60 56 3227
60 57 550
60 91 29
61 21 161
61 37 74
62 35 141
62 91 106
63 19 315
64 36 155
65 7 34
67 7 828
67 8 1251
67 12 130
67 13 1780
67 19 419
67 21 317
67 22 328
67 27 262
67 30 166
67 31 1475
67 33 78
67 37 1613
67 39 1322
67 40 330
67 42 98
67 43 818
67 47 1185
67 55 2594
67 58 427
67 60 810
67 63 343
67 65 914
67 80 603
67 95 33
67 100 154
68 8 161
68 11 13
68 13 82
68 24 556
68 75 87
68 89 99
70 17 4
70 22 76
70 24 294
70 79 1380
71 7 92
71 12 199
71 13 61
71 22 1145
71 23 102
71 50 112
71 57 83
72 15 340
72 82 367
73 4 345
73 10 295
73 12 8741
73 14 190
73 16 3784
73 29 1288
73 35 885
73 82 578
73 91 1224
73 97 101
74 4 21
74 19 245
74 37 176
74 43 395
74 49 327
74 51 254
74 55 92
74 57 309
74 58 187
74 70 108
74 91 13
75 2 25
75 9 26
75 11 326
75 12 326
75 13 188
75 46 22
75 59 187
75 60 6
75 94 201
75 100 52
76 12 322
76 25 475
76 51 77
77 43 103
77 57 52
78 13 80
78 42 348
78 52 586
78 59 984
79 18 3
79 29 318
80 64 128
82 5 699
82 7 8
82 10 44
82 12 126
82 16 319
82 47 141
82 59 305
82 60 47
82 99 24
83 5 292
83 7 3
83 19 1255
83 22 308
83 49 994
83 50 111
83 72 403
84 7 25
84 12 36
84 18 47
84 72 144
85 22 15
85 75 66
87 7 12
87 92 164
87 93 3040
88 70 77
90 16 247
90 18 211
90 31 210
90 49 345
90 51 108
90 58 241
90 69 246
90 70 893
91 2 54
91 11 76
91 13 85
92 1 19
93 4 362
93 12 94
93 14 79
93 35 88
93 43 210
93 73 53
94 8 64
94 81 34
95 4 15
95 10 144
95 19 681
95 31 14
95 37 389
95 47 12
97 18 9
97 59 54
97 69 67
97 75 42
97 82 80
98 10 42
98 59 13
98 75 51
99 17 2746
99 20 17
99 48 201
99 51 243
99 64 20
100 2 429
100 8 2002
100 9 372
100 12 850
100 13 5079
100 18 1782
100 19 2526
100 20 410
100 28 404
100 30 449
100 32 2315
100 33 551
100 35 3077
100 36 404
100 38 404
100 47 1857
100 49 86
100 53 404
100 59 404
100 60 2288
100 62 414
100 69 527
100 74 74
100 75 404
100 82 24790
100 87 1330
100 91 3176
100 93 917