0 4 9.248908634825236
1 44 34.35151112840602
1 6 3.771590764647699
1 28 3.5907908125306167
2 22 13.942414827649774
2 18 1.162632315425635
2 53 13.204607505818311
3 43 1.6821236678346547
3 45 1.4457874640004293
3 5 30.291345826094155
4 59 21.655099432271246
4 0 9.248908634825236
4 44 25.534788258960525
5 3 30.291345826094147
5 6 8.377285072927807
5 48 2.2048196532863047
6 32 7.837062353680605
6 5 8.377285072927807
6 1 3.771590764647699
7 13 2.1149427303835866
7 9 13.710156145622047
7 17 1.8628562801517583
8 38 2.580873730567319
8 22 6.504215448397578
8 13 7.490983133936994
9 32 1.3613772547731706
9 7 13.710156145622049
9 10 6.17558632329818
10 11 0.5570793235160589
10 12 0.43748408715438886
10 9 6.17558632329818
11 10 0.5570793235160589
12 10 0.43748408715438886
13 8 7.490983133936994
13 7 2.1149427303835866
13 14 5.069189649141621
14 15 10.655457114905127
14 13 5.069189649141621
14 16 2.8077079399177176
15 14 10.655457114905127
16 14 2.807707939917717
17 7 1.8628562801517583
18 2 1.162632315425635
18 19 4.480135672317291
18 21 11.616418020920653
19 20 3.2851734674214357
19 70 2.222727731702382
19 18 4.480135672317291
20 19 3.2851734674214357
21 18 11.616418020920653
22 8 6.504215448397577
22 2 13.942414827649774
22 24 4.845247606290049
23 24 0.7757984447730396
24 22 4.845247606290049
24 49 2.0702015615217815
24 23 0.7757984447730396
25 26 0.47209477667843813
26 27 1.050505123337529
26 25 0.47209477667843813
26 28 3.1929188957798025
27 26 1.050505123337529
28 26 3.1929188957798025
28 1 3.590790812530617
28 29 16.919368578696982
29 69 0.6896650534023004
29 30 4.80544106696745
29 28 16.919368578696986
30 29 4.805441066967452
31 69 2.8164044500638417
32 9 1.3613772547731706
32 6 7.837062353680605
32 33 2.047542421714447
33 36 0.37098911121179867
33 34 3.1859808601647845
33 32 2.047542421714447
34 35 1.6602392024992878
34 37 3.2036703791034293
34 33 3.185980860164784
35 34 1.6602392024992878
36 33 0.37098911121179867
37 34 3.203670379103429
38 69 3.9900952795927185
38 8 2.580873730567319
38 39 6.436451513074381
39 42 2.1283079395041824
39 38 6.43645151307438
39 71 2.0291841373683823
40 42 3.397435524655899
41 42 0.41974113030426013
42 39 2.1283079395041824
42 41 0.41974113030426013
42 40 3.3974355246558985
43 3 1.6821236678346547
43 45 0.9568350200726043
44 1 34.351511128406024
44 4 25.534788258960518
45 43 0.9568350200726043
45 3 1.4457874640004293
46 48 1.8197326223355332
47 48 0.6755558061532895
48 46 1.8197326223355332
48 47 0.6755558061532895
48 5 2.204819653286305
49 24 2.0702015615217815
50 52 1.5879237045798034
51 52 1.5245208080530033
52 51 1.5245208080530033
52 50 1.5879237045798034
52 53 3.49178481004595
53 59 1.8565900358135887
53 52 3.491784810045949
53 2 13.204607505818311
54 65 1.0701671276993838
54 55 2.2155923784164737
54 60 6.195820789861907
55 54 2.2155923784164737
55 59 0.8500559166602089
55 56 2.8077486103748415
55 57 2.232989481699898
56 55 2.8077486103748415
57 55 2.232989481699898
58 62 1.1719213048506427
58 67 2.8604535296688383
58 61 3.758719886672317
59 53 1.8565900358135887
59 55 0.8500559166602089
59 4 21.655099432271246
60 54 6.195820789861907
61 58 3.758719886672317
62 58 1.1719213048506427
63 67 0.11582886761865405
63 65 3.2169181343405615
63 68 2.0579559358179056
64 65 4.730003155999018
65 54 1.0701671276993838
65 64 4.730003155999018
65 63 3.2169181343405615
66 67 3.103193888668193
67 63 0.11582886761865405
67 66 3.103193888668194
67 58 2.8604535296688383
68 63 2.0579559358179056
69 29 0.6896650534023004
69 38 3.9900952795927185
69 31 2.8164044500638417
70 19 2.222727731702382
71 39 2.0291841373683823
