0 57 8.176998722781775
1 6 63.74462445027136
1 224 4.438733250755238
2 91 2.5200012774185825
2 92 2.7071636565070683
2 95 8.45041437440475
3 203 17.800669912118895
3 173 6.787337684871507
3 172 4.537195824255805
4 185 9.161353160416738
4 175 14.675384384946387
4 173 2.7949808340996816
5 231 5.802044118596284
6 51 6.670235381712239
6 232 4.640547608365818
6 1 63.74462445027135
7 232 0.939763185231639
7 8 10.092310554554354
7 92 18.15494976505337
8 7 10.092310554554354
8 9 5.534272838166743
8 14 10.362798336706666
9 8 5.534272838166743
9 276 4.523349438206628
9 58 5.95482108202209
10 15 7.33243044135868
10 59 13.372016539529254
10 58 1.4720228069711707
11 140 6.000377441054339
11 59 4.988685362671187
11 37 7.636162003555183
12 40 4.835432586300323
12 140 6.130083165693019
12 13 7.906970142740187
13 42 10.384629746134042
13 115 8.17694263727135
13 12 7.906970142740187
14 327 0.4910898700566085
14 328 0.5037443337391718
14 8 10.362798336706666
15 16 3.3259127294728903
15 10 7.33243044135868
15 19 6.776771827226917
16 15 3.3259127294728903
16 18 12.506852108688527
16 17 6.282992658447213
17 16 6.282992658447213
18 16 12.506852108688527
18 23 14.53595491784802
18 20 11.069422208158686
19 29 15.270814810417345
19 298 3.8148567828504976
19 15 6.776771827226917
20 18 11.069422208158688
20 21 5.958241814897664
20 28 7.053997679708473
21 25 23.862988219409456
21 22 11.588361395049047
21 20 5.958241814897664
22 21 11.588361395049043
23 24 5.455632220092885
23 26 12.33067332740085
23 18 14.535954917848024
24 23 5.455632220092885
24 25 2.816397267068685
25 24 2.816397267068685
25 21 23.862988219409456
26 23 12.33067332740085
27 298 0.49895890353527994
28 30 5.823596700844916
28 20 7.053997679708473
28 29 6.191408385392083
29 28 6.191408385392083
29 19 15.270814810417345
29 234 7.235801436751841
30 31 2.5621367558197243
30 44 8.149499355879113
30 28 5.823596700844916
31 30 2.5621367558197243
32 55 1.8956698581948346
32 33 1.9929272742860256
32 53 6.782547617599192
33 32 1.9929272742860256
34 54 3.2424646754632516
34 37 4.441209221293551
34 229 3.5788979744396556
35 36 3.0300438914831807
35 38 3.368045333413107
35 53 12.726691320128776
36 35 3.0300438914831807
37 34 4.441209221293551
37 281 4.139176286616096
37 11 7.636162003555183
38 40 2.7690504872443635
38 35 3.368045333413107
38 41 8.592210976377238
39 40 3.3979396876382575
40 12 4.835432586300323
40 39 3.3979396876382575
40 38 2.7690504872443635
41 38 8.592210976377238
42 135 4.8893949517936495
42 13 10.384629746134042
42 43 9.680769658970927
43 42 9.680769658970927
44 53 3.4636547680214154
44 30 8.149499355879113
44 45 4.804875749383099
45 48 16.742792295005632
45 44 4.804875749383099
45 46 7.06749666281636
46 45 7.067496662816362
47 49 1.03398962701559
47 48 1.1052218117719077
47 233 0.7887718093682256
48 47 1.1052218117719077
48 50 3.4798083395192267
48 45 16.742792295005625
49 47 1.03398962701559
50 48 3.4798083395192267
51 256 3.1998866260091163
51 295 0.5662405947147657
51 6 6.670235381712238
52 256 2.0562719509211567
53 35 12.726691320128776
53 44 3.4636547680214154
53 32 6.782547617599193
54 34 3.2424646754632516
55 32 1.8956698581948346
56 74 0.9004167193268638
56 226 1.1011353588231731
56 72 13.366367686164388
57 71 5.352712975754159
57 250 5.413164318906755
57 331 5.380555117624562
58 102 17.168313652735673
58 10 1.4720228069711707
58 9 5.9548210820220895
59 11 4.988685362671187
59 60 10.299081313801388
59 10 13.372016539529254
60 220 4.683122548296542
60 105 5.512838638837017
60 59 10.299081313801388
61 232 15.731658112909155
61 62 16.00094271204954
61 86 8.787978459857813
62 84 5.974379099419693
62 305 7.002579761545864
62 61 16.00094271204954
63 65 3.3715714474337175
63 64 2.8569537491501267
63 305 4.464932789770802
64 63 2.8569537491501267
64 322 1.925292656935963
64 321 5.067443607707479
65 66 6.201305245267618
65 63 3.3715714474337175
65 87 4.240117436004409
66 68 3.245436552825031
66 65 6.201305245267618
66 67 1.5803594563934835
67 68 3.3250487982733374
67 66 1.5803594563934835
67 69 29.935670692996567
68 66 3.245436552825031
68 67 3.3250487982733374
68 70 15.290173960048923
69 254 0.3671274617155118
69 94 3.0345330502182795
69 67 29.935670692996567
70 250 0.39397027244448724
70 0 13.404669050491698
70 68 15.290173960048923
71 250 0.4679307526600638
71 331 0.14257327956965798
71 56 1.5971120156038525
72 224 40.900494119684446
72 73 7.1116755187827385
73 74 6.151074088736725
73 56 6.517495812587278
74 56 0.9004167193268638
74 70 1.5156791975480788
75 76 4.8309068921751335
75 278 16.870349372494992
76 75 4.8309068921751335
76 77 31.248506977011395
77 79 18.308827381463416
77 78 6.850803300931698
77 76 31.248506977011395
78 251 3.464999457503119
78 91 9.643953052736151
78 77 6.850803300931698
79 77 18.308827381463416
80 255 0.5486458598650764
80 315 0.665888847750079
80 81 7.542243706807898
81 86 7.700058817344376
81 80 7.542243706807898
81 82 7.232777660400177
82 81 7.232777660400177
82 85 13.677650785750515
82 83 3.9663535894935933
83 82 3.966353589493594
84 85 2.0427376075617873
84 62 5.974379099419693
84 314 7.26246791945662
85 84 2.0427376075617873
85 82 13.677650785750515
85 86 18.32339782500203
86 81 7.700058817344376
86 61 8.787978459857813
86 89 10.860392931464412
86 85 18.32339782500203
87 65 4.240117436004409
88 320 11.294513513239751
88 92 9.83245129949882
88 311 6.342698636491136
89 86 10.86039293146441
90 320 1.8466703326287943
91 312 18.735664837093637
91 78 9.643953052736151
91 2 2.520001277418583
92 88 9.832451299498821
92 7 18.15494976505337
92 2 2.7071636565070683
93 316 0.4975379385250721
93 317 0.451892630151464
93 254 3.533387783187935
94 236 0.5460997174694869
94 318 0.5035494709612217
94 69 3.0345330502182795
95 96 6.670106222976673
95 2 8.45041437440475
95 241 3.138224902522102
96 97 4.176582868514864
96 101 8.006709936770637
96 95 6.670106222976673
97 96 4.176582868514864
98 100 2.7441948354708443
98 99 4.7379000398094435
98 241 9.534521281438186
99 98 4.7379000398094435
100 98 2.7441948354708443
101 222 9.734309092255808
101 102 5.891403944192298
101 96 8.006709936770635
102 103 8.3965594853765
102 101 5.891403944192298
102 58 17.168313652735677
103 102 8.396559485376502
103 105 8.312462004441864
103 337 7.058668757992303
103 104 7.206259643824177
104 324 0.366081530204781
104 325 0.37169884627858213
104 103 7.206259643824177
105 103 8.312462004441864
105 60 5.512838638837017
105 106 8.336680128029387
106 223 7.221329113452479
106 105 8.336680128029387
106 107 6.67358110248293
107 108 1.6212274660741552
107 338 9.133530451356506
107 106 6.67358110248293
108 107 1.6212274660741552
108 109 7.14579634516743
108 110 8.686533891507983
109 108 7.14579634516743
109 113 7.590331821013727
109 118 5.657184357762546
110 111 12.388494085955813
110 108 8.686533891507983
110 113 11.638708804082206
111 249 5.581026744588424
111 140 6.744918010707609
111 110 12.388494085955813
112 249 1.0541003281096013
113 110 11.638708804082206
113 114 5.799254023855061
113 109 7.590331821013725
114 113 5.799254023855061
115 116 13.008422580721442
115 301 5.48541489911683
115 13 8.17694263727135
116 129 3.8469253191442587
116 117 6.457946067562917
116 115 13.008422580721442
117 116 6.457946067562917
118 109 5.657184357762546
118 124 8.190497863924538
118 119 9.529750897732484
119 118 9.529750897732484
120 274 4.307227220528974
120 122 5.495620271717095
120 121 6.751850274844538
121 120 6.751850274844537
122 329 0.6784177295281312
122 244 3.090578890192409
122 124 18.277753942302166
122 120 5.495620271717095
123 244 1.005910719306844
124 122 18.27775394230216
124 118 8.19049786392454
124 125 3.903301397227927
125 124 3.903301397227927
126 157 2.814100988720593
126 300 0.6061970254158148
126 240 3.21722490424254
127 138 2.750041064532172
128 273 0.5323142158881274
128 138 4.279086800690884
128 139 5.7550399781162245
129 116 3.8469253191442587
129 130 5.030455952358834
129 138 6.4473761419515005
130 129 5.030455952358834
130 272 0.7535716418989624
130 131 4.147170300512218
131 271 5.144874939931707
131 130 4.147170300512218
131 132 1.6260914205390795
132 131 1.6260914205390795
133 271 0.9901003894058062
134 271 4.47422088400452
135 137 3.9998270855839104
135 136 17.63193327866486
135 42 4.8893949517936495
136 135 17.63193327866486
137 135 3.9998270855839104
138 127 2.750041064532172
138 128 4.279086800690884
138 129 6.4473761419515005
139 128 5.7550399781162245
140 12 6.130083165693019
140 11 6.000377441054339
140 111 6.744918010707609
141 142 1.5329663421383113
141 251 7.318282349370336
141 144 2.140492029178583
142 339 0.5603175139811645
142 141 1.5329663421383113
142 161 6.014289063075777
143 170 9.011023668795016
143 339 4.1389107674466885
143 165 6.973419111064264
143 162 25.557883464256467
144 339 2.6222606996307856
144 141 2.140492029178583
144 145 12.497125090693627
145 148 12.355789597934887
145 144 12.497125090693627
145 146 18.536093355006575
146 147 5.834193978223475
146 145 18.536093355006575
146 153 7.456406120327413
147 157 5.37943983993428
147 160 3.0225437104360595
147 146 5.834193978223475
148 145 12.355789597934892
149 150 2.372285348148789
149 151 2.6818788155523547
149 251 3.9488895870448375
150 149 2.372285348148789
151 152 2.2417475856818636
151 237 3.0693297302641485
151 149 2.6818788155523547
152 238 0.633107352879265
152 151 2.2417475856818636
152 239 1.9120444752161319
153 154 6.039862814778511
153 158 18.17768465011134
153 146 7.456406120327413
154 153 6.039862814778511
155 156 6.51531369252765
156 157 8.878653998742799
156 158 7.542776546522086
156 155 6.51531369252765
157 126 2.814100988720593
157 147 5.37943983993428
157 156 8.878653998742799
158 156 7.542776546522086
158 159 3.2237206567517975
158 153 18.177684650111335
159 158 3.2237206567517975
160 147 3.0225437104360595
161 142 6.014289063075777
162 164 10.711094055238515
162 143 25.557883464256467
162 163 3.931280880112099
163 162 3.931280880112099
164 228 37.336171038554504
164 162 10.711094055238515
164 299 8.321140119641603
165 143 6.973419111064264
166 167 5.807211155804282
167 168 2.447815001270126
167 166 5.807211155804282
167 169 13.151458383618394
168 167 2.447815001270126
169 171 4.194375220752681
169 167 13.151458383618394
169 170 6.8702861807183355
170 221 2.7258039122967386
170 169 6.870286180718336
170 143 9.011023668795016
171 169 4.194375220752681
171 218 3.615236494444818
171 172 9.200190599683863
172 204 7.952792105842958
172 3 4.537195824255805
172 171 9.200190599683864
173 219 2.132946314108988
173 4 2.7949808340996816
173 3 6.787337684871505
174 188 4.15555960222983
174 176 3.165147905346001
174 175 3.8457519936433036
175 174 3.8457519936433036
175 4 14.675384384946389
175 179 9.714886660778102
176 253 21.243274912489063
176 231 4.398346628934002
176 174 3.165147905346001
177 178 3.557731691329053
177 247 1.316353806930521
177 253 2.6367438289079246
178 245 1.9892666903918221
178 177 3.557731691329053
178 246 1.3451038164196067
179 186 6.728347691224
179 180 9.248319578925242
179 175 9.714886660778102
180 181 4.956702988705796
180 185 8.283347244853971
180 179 9.24831957892524
181 182 2.4039919194731034
181 180 4.956702988705796
181 186 8.498180050155034
182 181 2.4039919194731034
182 336 3.747132425329983
182 183 3.835409768259503
183 182 3.835409768259503
184 185 5.150546264390652
185 180 8.283347244853971
185 184 5.150546264390652
185 4 9.161353160416738
186 187 10.810330176890703
186 179 6.728347691224
186 181 8.498180050155034
187 186 10.810330176890703
188 190 1.9593107769630806
188 189 1.9302100396037079
188 174 4.15555960222983
189 188 1.9302100396037079
190 188 1.9593107769630806
190 191 1.679122427049897
190 192 4.471207765518763
191 190 1.679122427049897
192 270 2.274184036390973
192 193 2.211282032408823
192 190 4.471207765518763
193 195 2.0945421317910045
193 192 2.211282032408823
193 194 9.489181140795477
194 193 9.489181140795477
195 193 2.0945421317910045
195 198 4.228289625470162
195 196 3.928495168732934
196 269 1.905943642395657
196 197 4.304153703340489
196 195 3.928495168732934
197 196 4.304153703340489
198 199 1.2248180891959162
198 200 7.304774288430049
198 195 4.228289625470162
199 198 1.2248180891959162
199 260 1.9121777609364254
199 261 1.7421873349453478
200 201 2.448338378284283
200 198 7.304774288430049
200 202 8.34391649695853
201 200 2.448338378284283
202 200 8.34391649695853
203 3 17.800669912118895
204 205 2.760110070219262
204 258 14.633585886858615
204 172 7.952792105842958
205 204 2.760110070219262
206 208 3.5002407390714803
206 258 2.287819864644442
206 207 2.2223314650532293
207 264 1.1348471114478607
207 265 1.6722972041697926
207 206 2.2223314650532293
208 211 3.3782593724184284
208 206 3.5002407390714803
208 209 3.6128422244791927
209 259 0.8014343759962024
209 210 4.53923980740469
209 208 3.6128422244791927
210 209 4.539239807404691
211 208 3.3782593724184284
211 215 6.794672210226135
211 212 11.645458857187354
212 213 0.9915009480411626
212 214 4.815739056894751
212 211 11.645458857187354
213 212 0.9915009480411626
214 263 0.5530695952573692
214 212 4.815739056894752
214 262 1.8978686165604486
215 217 8.263528306519586
215 211 6.794672210226135
215 216 5.850419309717924
216 266 2.1536608137810735
216 282 1.9646877172614738
216 215 5.850419309717925
217 267 0.6753910577971814
217 268 0.7873520662107802
217 215 8.263528306519586
218 171 3.615236494444818
219 173 2.132946314108988
220 60 4.683122548296542
221 170 2.7258039122967386
222 223 16.10807653921935
222 101 9.734309092255808
223 222 16.108076539219354
223 106 7.221329113452479
224 72 40.900494119684446
224 225 10.424279901011724
224 1 4.438733250755239
225 224 10.424279901011726
225 1 10.47523781016583
226 56 1.1011353588231731
226 227 4.384784122511244
227 226 4.384784122511244
228 164 37.33617103855451
229 34 3.5788979744396556
230 231 9.843718011789026
231 5 5.802044118596283
231 176 4.398346628934002
231 230 9.843718011789026
232 7 0.939763185231639
232 61 15.731658112909154
232 6 4.640547608365818
233 47 0.7887718093682256
234 29 7.235801436751841
235 314 0.7845588629306703
236 94 0.5460997174694869
237 151 3.0693297302641476
238 152 0.633107352879265
239 152 1.9120444752161319
240 126 3.21722490424254
241 98 9.534521281438186
241 95 3.138224902522102
241 242 5.3907013251646285
242 241 5.3907013251646285
243 337 0.3199282797343522
244 122 3.090578890192409
244 123 1.005910719306844
244 330 0.7245615231473066
245 178 1.9892666903918221
246 178 1.3451038164196067
247 177 1.316353806930521
248 249 1.0260055957771457
249 112 1.0541003281096013
249 111 5.581026744588424
249 248 1.0260055957771457
250 70 0.39397027244448724
250 71 0.4679307526600638
251 141 7.318282349370336
251 78 3.464999457503119
251 149 3.9488895870448375
252 253 2.341227945916252
253 177 2.6367438289079246
253 176 21.243274912489063
253 252 2.3412279459162524
254 69 0.3671274617155118
254 93 3.533387783187935
254 278 4.057137089590794
255 80 0.5486458598650764
256 52 2.0562719509211567
256 51 3.1998866260091163
256 296 0.8411837984496394
257 258 2.5417104009020965
258 257 2.5417104009020965
258 206 2.287819864644442
258 204 14.633585886858615
259 209 0.8014343759962024
260 199 1.9121777609364254
261 199 1.7421873349453478
262 214 1.8978686165604486
263 214 0.5530695952573692
264 207 1.1348471114478607
265 207 1.6722972041697926
266 216 2.1536608137810735
267 217 0.6753910577971814
268 217 0.7873520662107802
269 196 1.905943642395657
270 192 2.274184036390973
271 133 0.9901003894058062
271 131 5.144874939931707
271 134 4.47422088400452
272 130 0.7535716418989624
273 128 0.5323142158881274
274 120 4.307227220528974
275 276 0.7571200361974826
276 275 0.7571200361974826
276 326 0.385756438924486
276 9 4.523349438206628
277 279 3.4457375908152907
278 75 16.870349372494992
278 254 4.057137089590794
278 280 8.534382639858462
279 277 3.4457375908152907
279 280 7.617815116290875
280 279 7.617815116290877
280 278 8.534382639858464
281 37 4.139176286616096
282 216 1.9646877172614738
283 286 3.97928431138174
283 292 11.460631072442888
283 284 5.989258728468755
284 303 2.006958862022736
284 283 5.989258728468756
284 289 5.649215206541033
285 287 2.65955090712573
286 283 3.97928431138174
286 287 3.0800117620386165
287 286 3.0800117620386165
287 285 2.65955090712573
287 288 2.2761391173607177
288 287 2.2761391173607177
289 284 5.649215206541033
290 291 6.043012758409091
290 294 4.631959230536018
290 303 3.6466637325439932
291 290 6.043012758409091
292 301 2.2272579487837434
292 283 11.460631072442888
292 294 11.963065200420683
293 294 7.197279245109519
294 290 4.631959230536018
294 292 11.963065200420683
294 293 7.197279245109519
295 51 0.5662405947147657
296 256 0.8411837984496394
297 298 0.4921498670814883
298 27 0.49895890353527994
298 297 0.4921498670814883
298 19 3.8148567828504976
299 164 8.321140119641603
300 126 0.6061970254158148
301 292 2.2272579487837434
301 115 5.48541489911683
301 306 5.949134512854059
302 303 2.6204726509668195
303 290 3.6466637325439932
303 284 2.006958862022736
303 302 2.6204726509668195
304 305 3.772850766193011
305 63 4.464932789770802
305 62 7.002579761545864
305 304 3.772850766193011
306 307 13.26359028930028
306 301 5.949134512854059
306 332 8.916345957015205
307 306 13.26359028930028
308 310 4.275593366863731
309 310 7.2070548877206395
310 308 4.275593366863731
310 309 7.2070548877206395
310 332 6.105569095359603
311 88 6.342698636491136
312 91 18.73566483709364
313 314 0.7192540921351864
314 235 0.7845588629306703
314 313 0.7192540921351864
314 84 7.26246791945662
315 80 0.665888847750079
316 93 0.4975379385250721
317 93 0.451892630151464
318 94 0.5035494709612217
319 320 0.41934871845814536
320 90 1.8466703326287943
320 319 0.41934871845814536
320 88 11.294513513239751
321 64 5.067443607707479
322 64 1.925292656935963
323 337 0.3808142147439385
324 104 0.366081530204781
325 104 0.37169884627858213
326 276 0.385756438924486
327 14 0.4910898700566085
328 14 0.5037443337391718
329 122 0.6784177295281312
330 244 0.7245615231473066
331 226 2.0597594074323267
332 333 1.1373825367510095
332 306 8.916345957015205
332 310 6.105569095359603
333 332 1.1373825367510095
333 334 18.918165103635808
333 335 8.812150476461008
334 333 18.918165103635808
335 333 8.81215047646101
336 182 3.7471324253299834
337 323 0.3808142147439385
337 243 0.3199282797343522
337 103 7.058668757992302
338 107 9.133530451356506
339 142 0.5603175139811645
339 143 4.1389107674466885
339 144 2.6222606996307856
