0 123 2.37323139891298
1 125 2.4171672143721943
1 554 1.3297103130987908
2 45 2.5716196711922454
2 239 2.9580436955221256
2 136 50.85626262777633
3 22 23.679324780583187
3 405 187.4462268015694
3 470 17.278525022805802
3 45 25.80009590881139
4 476 0.15373837081856215
5 140 3.2652556337060092
5 124 1.4123527103978142
6 7 2.177604125902917
6 134 4.842802636709405
7 553 0.17606650413848882
8 290 4.453711767647497
8 541 7.327944259986158
8 155 7.037095683737849
9 93 4.158668996470684
9 419 11.394382442580378
9 100 10.552626715117574
10 11 1.2543480669121496
10 19 5.43650925935866
10 153 3.5048067523917585
11 10 1.2543480669121496
11 12 9.391886475293262
11 237 12.25991242160633
12 82 19.060435326611103
12 11 9.391886475293262
12 109 3.2881308399601856
13 74 0.8544592797698184
13 544 2.2899274765524034
13 545 2.7291516352561054
14 61 3.7834903738300785
14 59 1.1511650468657142
14 400 10.338276578915865
15 151 1.2239374619791696
15 64 1.5281694877141772
16 353 3.4010712685078768
16 444 5.492413094188465
16 151 6.86893294594821
17 347 9.230801582186338
17 150 11.575673488353297
17 149 2.5842512555732267
18 148 10.022336825842094
18 149 6.040695605675243
18 201 10.71227679425771
19 238 7.589551632984067
19 233 10.473130129856825
19 10 5.43650925935866
20 248 3.0717117701815786
20 421 6.427890611669691
20 21 3.3308904344029897
21 256 2.6004827977752925
21 257 6.99582377691497
21 20 3.3308904344029897
22 270 10.802960867256873
22 257 12.718928040794234
22 3 23.679324780583187
23 455 1.6752455370392705
23 528 10.61360608172859
23 335 5.134927048872022
24 455 2.6909959442758633
24 373 3.1742613234135413
24 372 3.729053185975688
25 564 0.2382747349866732
25 135 9.184081605338921
25 159 5.046804583921364
26 145 8.173639454312692
26 122 1.0866235685390475
27 29 55.047269745883014
28 31 2.067536327775742
29 32 40.19781809772704
29 411 10.401055635410225
29 27 55.047269745883
30 33 16.065961812626128
31 32 2.1468107553842577
31 33 1.1322043423517392
31 28 2.067536327775742
32 31 2.1468107553842577
32 29 40.19781809772705
32 33 2.186833871389763
33 31 1.1322043423517392
33 30 16.065961812626128
33 32 2.186833871389763
34 407 49.81228920737291
34 398 29.45023495658668
35 36 41.40275199305286
35 396 4.693155148287172
36 411 60.675588653968944
36 126 69.84153427102973
36 35 41.40275199305286
37 69 9.981418307216362
37 38 3.428470089407869
37 523 7.939730442468762
38 39 2.3946309009684397
38 37 3.428470089407869
38 425 2.257534731405326
39 427 2.6252572499266047
39 38 2.3946309009684397
39 425 2.1326974191240304
40 41 9.644136667520815
40 49 3.8845486832053386
40 57 3.0667621032701486
41 40 9.644136667520815
42 49 3.2596014790836416
42 15 2.0953941276690258
43 445 41.2268456159471
43 433 3.856907619527799
43 329 2.4073501256593217
44 528 2.286972448977137
44 147 6.210681843770932
44 333 12.483388545947765
45 2 2.5716196711922454
45 404 60.022287270452
45 3 25.800095908811393
46 175 21.193304046056685
46 47 27.426505207649548
47 48 7.750174571768263
47 46 27.426505207649555
47 177 29.01630104889534
48 555 9.216189751747601
48 187 11.859428592050872
48 47 7.750174571768263
49 42 3.2596014790836416
49 50 3.8961223466363037
49 40 3.8845486832053386
50 49 3.8961223466363037
51 57 1.2661186920980438
51 401 16.423425655934977
51 52 6.557007982862842
52 55 3.7662760478048556
52 51 6.557007982862842
52 53 4.985466245122263
53 224 1.4889007042200415
53 354 0.20124012991430454
53 52 4.985466245122263
54 55 5.941693870466451
55 56 3.4490543572161965
55 54 5.941693870466451
55 52 3.7662760478048556
56 55 3.4490543572161965
57 51 1.2661186920980438
57 58 12.11763096824551
57 40 3.0667621032701486
58 57 12.11763096824551
59 60 9.829341898869233
59 14 1.1511650468657142
59 544 8.322814191818695
60 59 9.829341898869233
60 63 4.651391836483163
60 68 4.176556122927669
61 14 3.7834903738300794
61 483 5.645507645631851
62 63 6.059459536057129
63 62 6.059459536057127
63 355 5.579947434329581
63 60 4.651391836483163
64 15 1.5281694877141772
64 434 14.577354676896796
64 483 15.140626927421591
65 434 0.3629774174961818
65 66 3.198611453336242
65 375 3.214576678508909
66 65 3.198611453336242
66 136 47.26307074874642
66 67 6.115624303260151
67 380 10.739744587936032
67 68 1.5511957016088884
67 66 6.115624303260151
68 61 9.513648001275827
68 60 4.1765561229276695
68 67 1.5511957016088884
69 70 2.1428275606398874
69 73 9.466580076367523
69 37 9.981418307216362
70 69 2.1428275606398874
70 72 10.991148673113228
70 71 2.168536553986255
71 117 16.385800639512976
71 70 2.168536553986255
71 400 10.01229959613926
72 70 10.991148673113228
72 401 4.332648918011193
72 128 3.192556240661431
73 75 15.750154147381775
73 69 9.466580076367523
73 540 8.779274997550843
74 13 0.8544592797698184
74 117 5.351538977832586
74 115 5.155586826998205
75 79 3.4652382225092615
75 73 15.750154147381773
75 78 5.2113343320308
76 77 0.9471835372155999
76 79 6.328578962523803
76 81 3.4904436244427792
77 76 0.9471835372155999
78 75 5.2113343320308
79 76 6.328578962523803
79 75 3.4652382225092615
79 80 4.437679090729671
80 79 4.437679090729672
81 76 3.4904436244427792
82 12 19.060435326611106
83 89 3.5695859500804987
83 93 12.163574442819815
83 120 13.025934055762749
84 87 3.8879459338833025
84 88 1.0376223803483835
84 89 5.331783464121582
85 87 1.6306880778965103
86 87 0.8034562227147349
87 85 1.6306880778965103
87 84 3.8879459338833025
87 86 0.8034562227147349
88 84 1.0376223803483835
89 83 3.5695859500804987
89 84 5.331783464121582
89 92 5.836589524743534
90 92 0.27532361398451777
91 92 0.27848593120799997
92 90 0.27532361398451777
92 91 0.27848593120799997
92 89 5.836589524743534
93 94 3.0941288214718368
93 9 4.158668996470684
93 83 12.163574442819815
94 93 3.0941288214718368
94 97 4.8786124967793
94 543 4.684762391114799
95 422 3.9120218189639027
95 96 1.9698442878916667
95 97 6.186224123217009
96 95 1.9698442878916667
97 95 6.186224123217009
97 94 4.8786124967793
97 98 4.035946866686084
98 97 4.035946866686084
99 422 2.3945688219018346
100 365 3.6288947724896907
100 9 10.552626715117574
100 421 9.521024392360028
101 437 10.634870015709563
101 419 17.388637383116524
101 105 8.703422833290759
102 105 7.978117880182453
103 107 0.5112108755645427
104 107 2.632357302668689
104 106 0.831633850995016
104 105 8.041415705343194
105 102 7.978117880182453
105 101 8.703422833290759
105 104 8.041415705343194
106 104 0.831633850995016
107 104 2.632357302668689
107 103 0.5112108755645427
107 108 0.8077506020237893
108 107 0.8077506020237893
109 110 7.291346429182119
109 152 4.845408537917059
109 12 3.2881308399601856
110 111 14.5511893249978
110 109 7.291346429182119
110 114 10.391052876296254
111 113 0.4037653403984402
111 112 5.740080389419106
111 110 14.551189324997798
112 111 5.740080389419106
113 111 0.4037653403984402
114 110 10.391052876296254
115 116 3.5268284351935755
115 74 5.155586826998205
115 369 5.832194437674658
116 115 3.5268284351935755
117 118 1.27844914439539
117 74 5.351538977832586
117 71 16.385800639512976
118 117 1.27844914439539
119 120 1.8140804923616431
119 121 2.203862039744831
119 138 21.86831848145508
120 119 1.8140804923616431
120 121 1.806701410375433
120 83 13.025934055762747
121 120 1.806701410375433
121 119 2.203862039744831
121 127 15.020993287297147
122 1 0.19816804036642727
123 144 0.3158490769405828
124 436 0.20770972604707968
125 554 2.307306753753401
125 136 65.73308991389011
126 392 100.81562034937733
126 137 32.479746518337855
126 36 69.84153427102974
127 443 6.079436054258207
127 523 21.907972354763217
127 121 15.020993287297147
128 72 3.192556240661431
128 427 5.687887537591495
128 383 10.984523732695706
129 383 0.8645402317332783
129 387 6.482067399665978
129 132 4.350833203135376
130 131 34.10567453426102
130 132 20.133733383677
130 133 27.519449507377292
131 130 34.10567453426102
132 408 2.8870397860569943
132 129 4.350833203135375
132 130 20.133733383677
133 130 27.519449507377292
134 7 3.6936555829126694
135 166 29.064179193502152
135 25 9.18408160533892
135 555 5.811305657254207
136 66 47.26307074874642
136 2 50.85626262777634
136 125 65.73308991389013
137 393 127.42487464206596
137 138 7.646943008965332
137 126 32.47974651833785
138 284 8.41954477035019
138 119 21.86831848145508
138 137 7.646943008965332
139 336 0.7670458781861839
140 5 3.2652556337060092
140 162 9.76923706330015
140 141 5.997784044477214
141 143 3.191703890566499
141 142 5.837073750607652
141 140 5.997784044477213
142 141 5.837073750607653
143 141 3.191703890566499
144 5 1.7526523226394206
144 124 1.2094147009371619
145 26 8.173639454312692
145 146 4.386812321565179
145 447 2.6204464550365585
146 564 1.1026750601805297
146 145 4.386812321565179
146 160 6.727497912690463
147 44 6.210681843770932
147 148 0.6269600381621729
147 334 2.573935356925643
148 147 0.6269600381621729
148 201 1.2304821535627946
148 18 10.022336825842094
149 18 6.040695605675243
149 17 2.5842512555732267
149 204 8.18586496000064
150 607 0.13927381595490135
150 17 11.575673488353297
150 222 5.209325529938071
151 15 1.2239374619791696
151 42 2.280489174342522
151 16 6.868932945948209
152 235 4.585632332131172
152 369 2.5656717766165715
152 109 4.845408537917059
153 442 1.5681937179569958
153 370 2.435246709501629
153 10 3.504806752391758
154 336 13.416190370518736
154 155 7.18226097045631
154 157 13.959513358057077
155 276 5.898753303488015
155 8 7.037095683737849
155 154 7.18226097045631
156 469 0.15434118287927961
157 287 13.197398361013711
157 154 13.959513358057078
157 364 17.599674120391484
158 446 1.3260708829266674
158 381 1.1434758963766642
159 25 5.046804583921364
160 146 6.727497912690463
161 447 0.3860681906011004
162 163 1.4056775680133349
162 140 9.769237063300148
162 167 1.5521712587331853
163 162 1.4056775680133349
163 175 9.182764220075846
163 167 1.5203730789727814
164 165 1.0060094049706743
165 168 0.9904082394701588
165 164 1.0060094049706743
165 166 4.3788159545752565
166 167 5.868028181095755
166 165 4.3788159545752565
166 169 4.126580516176474
166 135 29.064179193502152
167 166 5.868028181095755
167 162 1.5521712587331853
167 163 1.5203730789727814
168 165 0.9904082394701588
169 171 1.142763759536352
169 170 1.1873317263920857
169 166 4.126580516176474
170 169 1.1873317263920857
171 169 1.142763759536352
172 173 2.8320312470242692
172 181 3.3888499856421834
172 175 3.723667799545486
173 174 3.0515087492871693
173 172 2.8320312470242692
173 176 4.615945321795657
174 173 3.0515087492871693
174 182 3.359604499528669
174 180 1.9586782995555432
175 172 3.723667799545486
175 163 9.182764220075848
175 46 21.193304046056685
176 173 4.615945321795657
176 177 0.18676223976819326
176 186 5.0084115309659945
177 176 0.18676223976819326
177 47 29.01630104889534
177 184 3.05917398507442
178 181 1.4691930833364646
179 181 1.041148078765531
180 174 1.9586782995555432
181 178 1.4691930833364646
181 179 1.041148078765531
181 172 3.3888499856421834
182 174 3.359604499528669
183 184 1.6587126432083563
184 183 1.6587126432083563
184 185 1.143161694107988
184 177 3.05917398507442
185 184 1.143161694107988
186 176 5.0084115309659945
187 48 11.859428592050872
187 513 3.9565940708356635
187 191 14.6481108125748
188 189 9.332279264731968
188 192 5.33645101596337
188 195 5.7046064157706695
189 188 9.332279264731968
190 192 4.93614843814959
190 569 0.28911836269744773
190 191 7.75188471479403
191 190 7.75188471479403
191 187 14.648110812574805
191 198 18.840359555166323
192 190 4.93614843814959
192 188 5.33645101596337
192 195 5.574884976765617
193 569 2.929433988839715
194 197 6.304948223220144
194 199 2.3234793361271575
194 195 21.34102809190579
195 188 5.7046064157706695
195 194 21.34102809190579
195 192 5.574884976765617
196 205 4.660991342264462
196 581 1.9953237546619829
196 351 2.3659603197533916
197 194 6.304948223220144
197 200 9.808306003519105
197 581 14.384215480407827
198 191 18.840359555166323
199 194 2.3234793361271575
200 202 3.6753743542867996
200 201 8.121323435812414
200 197 9.808306003519105
201 148 1.2304821535627946
201 200 8.121323435812414
201 18 10.71227679425771
202 203 3.1033506470796373
202 200 3.6753743542867996
202 206 2.1111558868401956
203 202 3.1033506470796373
203 203 9.489012767750335
204 205 6.996806672551504
204 149 8.18586496000064
204 551 6.907729209494621
205 204 6.996806672551504
205 212 5.168767519631735
205 196 4.660991342264463
206 207 1.8538306199528751
206 202 2.1111558868401956
206 208 2.2675758837804008
207 206 1.8538306199528751
208 206 2.2675758837804008
209 216 1.000765190571185
209 213 6.93015733582859
209 215 4.052768869580678
210 219 3.5111172787917617
210 218 5.717393139663368
210 212 6.463833871860931
211 551 0.5294816340862932
212 205 5.168767519631735
212 210 6.463833871860932
212 216 2.516255709819599
213 209 6.93015733582859
214 216 1.8335104761955634
215 209 4.052768869580678
216 209 1.000765190571185
216 214 1.8335104761955634
216 212 2.516255709819599
217 218 4.817132750374611
218 220 2.097062900448239
218 210 5.7173931396633675
218 217 4.817132750374612
219 210 3.5111172787917617
220 218 2.097062900448239
221 227 1.9529814079965995
221 222 1.6732399136555285
221 352 6.235789832443375
222 221 1.6732399136555285
222 226 6.024563377487698
222 150 5.209325529938071
223 224 4.612972633448842
224 53 1.4889007042200415
224 354 4.20735796492706
224 223 4.612972633448842
225 354 7.808137020149131
226 222 6.024563377487699
227 221 1.9529814079965995
228 238 9.144630965281072
228 229 3.158593335795014
229 234 5.772535097736995
229 228 3.158593335795014
229 230 7.50925455453688
230 232 1.8791615009531206
230 229 7.50925455453688
230 231 2.9336300251591254
231 230 2.933630025159125
232 230 1.8791615009531206
233 239 33.48187987956721
233 19 10.473130129856825
233 423 6.016774250412005
234 229 5.772535097736995
235 152 4.585632332131172
235 236 3.1430251244667042
235 356 12.702871028767543
236 235 3.1430251244667042
237 11 12.259912421606334
238 19 7.589551632984067
238 228 20.161972737492455
239 244 14.47332421479874
239 2 2.9580436955221256
239 233 33.4818798795672
240 242 2.3062652756334154
240 241 2.126576626865996
240 258 3.8120408787918874
241 240 2.126576626865996
241 243 2.3563334979560495
241 259 5.696449059437165
242 240 2.3062652756334154
242 255 7.124163839550378
242 265 13.935275329729729
243 241 2.3563334979560495
243 426 3.9790034310898585
243 368 3.112580775349369
244 245 3.4021399549182822
244 239 14.473324214798737
245 244 3.4021399549182822
245 246 5.79751572622905
246 515 6.456658004716227
246 248 3.026151412426776
246 245 5.797515726229049
247 249 4.92548519828748
248 20 3.0717117701815786
248 249 5.065988735434205
248 246 3.026151412426776
249 250 3.5565730645000673
249 248 5.065988735434205
249 247 4.92548519828748
250 249 3.5565730645000673
251 253 1.2540311057322984
251 515 8.783081242565212
251 599 7.253446296518428
252 257 6.106735762105949
253 251 1.2540311057322984
253 279 7.876571175437261
253 282 7.812402244926298
254 262 1.2164079345669063
255 242 7.124163839550378
256 21 2.6004827977752925
257 21 6.99582377691497
257 22 12.718928040794234
257 252 6.106735762105949
258 366 0.8587525305043998
258 367 0.9742431970564356
258 240 3.8120408787918882
259 241 5.696449059437166
260 264 2.5450001327189353
261 262 1.2428722459955077
262 254 1.2164079345669063
262 261 1.2428722459955077
262 265 4.279708267589523
263 264 5.65921339977475
264 260 2.5450001327189353
264 517 1.5205172282001214
264 263 5.65921339977475
265 517 1.580423353399095
265 262 4.279708267589523
265 242 13.935275329729732
266 277 1.1266448440955799
266 276 0.6114677832295222
266 267 2.7672009078937245
267 266 2.7672009078937245
268 276 2.0898761078695536
268 269 3.3724628866399544
268 525 6.904065934182179
269 268 3.3724628866399544
270 271 5.367248310828691
270 22 10.802960867256873
270 275 7.019495190195883
271 272 3.403550410810185
271 270 5.36724831082869
271 273 4.012672795073646
272 271 3.403550410810185
273 274 3.1499314989395417
273 363 3.035898206341791
273 271 4.012672795073646
274 273 3.1499314989395417
275 270 7.019495190195882
276 268 2.0898761078695536
276 266 0.6114677832295222
276 155 5.898753303488015
277 266 1.1266448440955799
278 599 2.2825990132376894
279 281 3.173491471617841
279 280 1.8125823213128716
279 253 7.8765711754372605
280 279 1.8125823213128716
281 279 3.173491471617841
281 600 0.588580163655427
281 601 0.5407605617949188
282 253 7.8124022449262975
283 293 9.019686739633018
283 300 3.4523001832358973
283 285 3.4585062226440226
284 138 8.41954477035019
284 286 10.636169349923707
284 285 2.7697983800756014
285 294 8.956060550650939
285 283 3.4585062226440226
285 284 2.7697983800756014
286 284 10.636169349923707
286 287 20.230013112600417
286 431 3.5990840940643327
287 286 20.23001311260042
287 157 13.197398361013711
287 304 1.9197762090993302
288 292 3.1936420729134714
288 289 3.0772750530509545
288 320 4.11535770967886
289 288 3.0772750530509545
290 291 2.75523107037587
290 8 4.453711767647497
290 602 3.914784442144165
291 290 2.75523107037587
291 323 2.05017880342114
291 292 3.8850224849099413
292 288 3.1936420729134714
292 291 3.8850224849099413
292 321 7.013160098780593
293 283 9.019686739633018
294 285 8.956060550650939
295 296 4.035830177481048
295 297 3.7294054417472062
295 298 11.466772468822164
296 295 4.035830177481048
297 295 3.7294054417472062
298 311 2.111857871450218
298 295 11.466772468822162
298 301 1.447649763452746
299 315 1.276994007335353
300 358 12.31332397320671
300 283 3.452300183235898
300 301 6.334042786765198
301 313 1.3443240779948336
301 300 6.334042786765198
301 298 1.447649763452746
302 606 0.5890739242570193
303 310 3.536460398419545
303 317 4.655485446768292
303 305 1.7071527596740685
304 305 0.8211464196058651
304 306 2.749986855244364
304 287 1.9197762090993302
305 304 0.8211464196058651
305 307 5.0939424335765215
305 303 1.7071527596740685
306 304 2.749986855244364
307 305 5.0939424335765215
308 310 2.143072482787809
309 310 1.0073292232430073
310 309 1.0073292232430073
310 308 2.143072482787809
310 303 3.536460398419545
311 298 2.111857871450218
312 313 1.6540089060784993
313 312 1.6540089060784993
313 301 1.3443240779948336
313 315 3.194472693272974
314 315 3.264510870770937
315 313 3.194472693272974
315 299 1.276994007335353
315 314 3.264510870770937
316 319 1.7925759364220206
317 303 4.655485446768292
318 319 0.8795544088426587
319 318 0.8795544088426587
319 316 1.7925759364220206
319 321 3.0627838216964944
320 288 4.11535770967886
321 324 6.5819181609946265
321 319 3.0627838216964944
321 292 7.013160098780593
322 324 2.4277244990628755
323 291 2.05017880342114
324 325 0.6000553718805597
324 321 6.5819181609946265
324 322 2.4277244990628755
325 324 0.6000553718805597
326 327 0.9345534191133507
327 326 0.9345534191133507
327 431 4.086998856055586
327 359 4.435035420127903
328 331 6.966990322537752
329 332 5.038924116687997
329 43 2.4073501256593217
329 334 10.17979959592404
330 349 4.146221232767963
331 433 1.3753908344474093
331 349 0.8878749089430154
331 328 6.966990322537752
332 329 5.038924116687997
332 333 1.1998449721226199
333 332 1.1998449721226199
333 44 12.483388545947765
334 329 10.17979959592404
335 23 5.134927048872022
336 139 0.7670458781861839
336 337 4.769142630368453
336 154 13.416190370518736
337 343 3.18080737005312
337 546 2.4328488153787435
337 336 4.769142630368453
338 340 2.6014572829325746
338 339 1.457784641202211
338 343 2.8511138404484107
339 338 1.457784641202211
340 341 3.2613599694787867
340 338 2.6014572829325746
340 344 1.149648874088789
341 343 2.425536330047062
341 342 1.6748046350698675
341 340 3.2613599694787867
342 341 1.6748046350698675
343 341 2.425536330047062
343 338 2.8511138404484107
343 337 3.18080737005312
344 345 1.4566169377859421
344 340 1.149648874088789
344 346 2.355147277412853
345 344 1.4566169377859421
346 344 2.355147277412853
347 349 7.837793368957998
347 17 9.230801582186338
347 348 7.293981245722867
348 350 0.9428681917881374
348 347 7.293981245722866
348 514 8.830972763384844
349 331 0.8878749089430154
349 347 7.837793368957998
349 330 4.146221232767963
350 348 0.9428681917881374
351 196 2.3659603197533916
352 221 6.235789832443376
353 16 3.4010712685078768
354 53 0.20124012991430454
354 224 4.207357964927061
354 225 7.808137020149131
355 545 0.3086457879587497
355 357 8.996870801765423
355 63 5.579947434329581
356 235 12.702871028767543
357 355 8.996870801765425
358 300 12.313323973206707
359 327 4.435035420127902
360 432 5.8070486561791075
361 362 3.7262560354062546
362 421 1.9617734199634644
362 541 2.054031084807713
362 361 3.7262560354062546
363 273 3.035898206341791
364 4 2.172955265950623
364 157 17.599674120391484
365 100 3.6288947724896907
366 258 0.8587525305043998
367 258 0.9742431970564356
368 243 3.112580775349369
369 371 2.2045257596792935
369 115 5.832194437674657
369 152 2.5656717766165715
370 153 2.435246709501629
371 369 2.2045257596792935
372 24 3.729053185975688
373 430 5.344994552822974
373 24 3.1742613234135417
373 374 3.8440236943887673
374 373 3.8440236943887673
375 65 3.21457667850891
376 478 12.124933204050754
376 380 5.105473497214659
376 379 11.669242586776118
377 478 1.7612285232472014
378 414 2.444532932371687
379 376 11.669242586776118
380 413 3.1876430767749375
380 376 5.10547349721466
380 67 10.739744587936032
380 415 3.6488695037135344
381 382 0.44105081136136537
382 156 1.0396278836591968
382 470 1.4435893327441627
383 129 0.8645402317332783
383 384 8.487651645638657
384 428 0.5267871222117906
384 416 3.17783059317636
384 383 8.487651645638657
385 386 2.2410163045167844
385 428 2.3588699408648566
385 420 2.2436418906210585
386 425 0.9212164449338764
386 385 2.2410163045167844
386 420 1.9361007587095
387 388 5.632483358288972
387 129 6.482067399665978
388 387 5.632483358288972
388 477 7.667440477495862
389 404 31.495169492584953
389 405 225.4451792674521
389 409 44.34811742263171
390 391 54.64155849889102
391 390 54.64155849889104
391 407 1.7751384686942568
392 126 100.81562034937733
393 137 127.42487464206593
394 395 95.06142943700466
394 396 55.96467380590879
394 446 13.115161489108207
395 394 95.06142943700466
395 396 27.10165670402813
395 397 16.693969991832542
396 35 4.693155148287172
396 395 27.101656704028127
396 394 55.96467380590879
397 395 16.693969991832542
398 34 29.450234956586677
399 404 72.49599463153392
400 14 10.338276578915869
400 71 10.01229959613926
400 402 5.037001898477015
401 51 16.423425655934974
401 72 4.332648918011193
401 403 4.35501900935923
402 400 5.037001898477015
403 484 2.4675023990450935
403 485 1.4147106809149452
403 401 4.35501900935923
404 399 72.49599463153392
404 45 60.02228727045198
404 389 31.495169492584953
405 3 187.44622680156942
405 389 225.4451792674521
405 406 98.78867859403141
406 412 26.146054336746705
406 405 98.7886785940314
406 407 133.54751477298032
407 406 133.5475147729803
407 391 1.775138468694257
407 34 49.81228920737291
408 132 2.8870397860569943
409 389 44.3481174226317
410 411 20.33835890500044
411 29 10.401055635410227
411 36 60.675588653968966
411 410 20.33835890500044
412 406 26.146054336746705
413 414 4.2519169857195385
413 380 3.1876430767749375
414 378 2.444532932371687
414 413 4.2519169857195385
415 380 3.6488695037135344
416 384 3.1778305931763606
417 427 1.908384645592327
418 420 4.3905557404361355
419 426 0.44397077276455815
419 101 17.388637383116524
419 9 11.394382442580378
420 385 2.2436418906210585
420 386 1.9361007587095
420 418 4.3905557404361355
421 362 1.9617734199634644
421 20 6.427890611669691
421 100 9.521024392360028
422 603 0.43310229927463534
422 95 3.9120218189639027
422 99 2.3945688219018346
423 233 6.016774250412005
424 428 4.787332138818292
425 386 0.9212164449338764
425 38 2.257534731405326
425 39 2.13269741912403
426 419 0.44397077276455815
426 442 3.885329436203659
426 243 3.9790034310898585
427 417 1.908384645592327
427 128 5.687887537591494
427 39 2.6252572499266047
428 385 2.3588699408648566
428 384 0.5267871222117906
428 424 4.787332138818292
429 430 4.4910981206006175
430 513 5.924492443925041
430 373 5.344994552822974
430 429 4.4910981206006175
431 432 1.2993156973238686
431 327 4.086998856055586
431 286 3.5990840940643323
432 431 1.2993156973238686
432 360 5.807048656179107
432 606 10.396523172415277
433 331 1.3753908344474093
433 43 3.856907619527799
433 566 8.398603238556284
434 65 0.3629774174961818
434 64 14.577354676896796
434 435 7.0541913229319215
435 434 7.0541913229319215
436 26 1.2913956233278148
436 122 0.7620304438739784
437 439 3.924484102447744
437 438 4.934326977575789
437 101 10.634870015709563
438 437 4.934326977575789
439 479 1.7758264760905866
439 437 3.924484102447744
439 440 3.2177447043844962
440 439 3.2177447043844962
441 442 4.680410522778769
441 480 2.777784304886016
441 481 1.5740014907444089
442 153 1.5681937179569958
442 426 3.885329436203659
442 441 4.680410522778769
443 127 6.079436054258207
444 16 5.492413094188465
444 607 2.6116963946030958
445 43 41.2268456159471
446 381 1.246546260908377
446 394 13.115161489108203
447 161 0.3860681906011004
447 448 0.4847312448048775
447 145 2.6204464550365585
448 447 0.4847312448048775
449 536 0.772909200442941
449 459 2.7530487091713347
449 457 1.472761311722178
450 459 0.9266440348154762
451 458 0.9054152592852387
452 456 3.5422559613633746
452 466 1.095747671439116
452 463 3.2534258011786603
453 467 2.236756278425087
453 466 3.963817826616382
453 531 3.952583101268999
454 460 0.926878498694586
454 456 2.6643098170713286
454 459 3.968834951656468
455 24 2.6909959442758633
455 23 1.6752455370392705
455 460 3.7379532125492454
456 549 2.04591159514759
456 454 2.664309817071328
456 452 3.5422559613633746
457 449 1.472761311722178
458 451 0.9054152592852387
458 460 2.877941800943368
458 462 3.4334103851350783
459 450 0.9266440348154762
459 449 2.7530487091713347
459 454 3.9688349516564685
460 458 2.877941800943368
460 454 0.926878498694586
460 455 3.7379532125492454
461 538 1.080586483188613
461 466 1.8561159307105786
461 464 3.4553549705163524
462 458 3.4334103851350783
463 452 3.2534258011786603
464 461 3.4553549705163524
465 467 1.1100958377181342
466 452 1.095747671439116
466 453 3.963817826616382
466 461 1.8561159307105786
467 465 1.1100958377181342
467 453 2.236756278425087
467 468 1.3722602978763212
468 467 1.3722602978763212
469 364 1.8368544156945934
469 4 1.0988208377145012
470 156 1.1640454212447071
470 3 17.278525022805802
471 474 4.411010355048001
471 475 1.9188636243931816
471 472 5.569994996732526
472 471 5.569994996732524
473 158 0.16724676331713037
474 471 4.411010355048002
475 471 1.9188636243931816
475 473 1.4019772531043624
476 473 0.6166953727733404
476 475 1.3091134251337007
477 388 7.667440477495862
478 377 1.7612285232472014
478 548 2.2421424172906095
478 376 12.124933204050754
479 439 1.7758264760905866
480 441 2.7777843048860156
481 441 1.5740014907444089
482 483 3.8937784204258574
483 482 3.893778420425858
483 64 15.140626927421591
483 61 5.645507645631851
484 403 2.4675023990450935
485 403 1.4147106809149452
486 487 1.482003970806527
487 486 1.482003970806527
487 596 3.5980319422129843
487 495 2.2777979870582103
488 507 0.9731752822285914
489 507 0.8219916050797553
490 493 1.7816935210630438
491 492 0.8698577717042865
492 491 0.8698577717042865
492 494 1.519888624580531
492 595 1.6251334799038828
493 490 1.7816935210630438
493 508 9.757996342262487
493 494 2.4601623058026885
494 492 1.519888624580531
494 493 2.4601623058026885
494 495 5.135138094009076
495 487 2.2777979870582103
495 494 5.135138094009076
495 509 8.714542195486139
496 501 0.985979273735037
497 501 0.4395742382791927
498 506 0.9465666861235338
499 506 0.8172110824197424
500 512 2.695156155199003
501 496 0.985979273735037
501 497 0.4395742382791927
501 505 4.339998479405502
502 504 0.8448971690164532
503 504 0.556422742529614
504 502 0.8448971690164532
504 503 0.556422742529614
504 505 1.9916997621561043
505 511 2.3548168775360288
505 501 4.339998479405502
505 504 1.9916997621561043
506 498 0.9465666861235338
506 499 0.8172110824197424
506 510 4.444481838112837
507 488 0.9731752822285914
507 489 0.8219916050797553
507 508 4.67943638916792
508 509 1.2039948892474857
508 507 4.67943638916792
508 493 9.757996342262489
509 508 1.2039948892474857
509 495 8.714542195486139
509 510 3.4821859103273662
510 506 4.444481838112837
510 509 3.4821859103273662
510 511 3.606637686884514
511 505 2.3548168775360288
511 510 3.606637686884514
511 512 5.957182701063539
512 500 2.6951561551990038
512 511 5.95718270106354
512 513 2.6232093010733206
513 187 3.9565940708356635
513 430 5.924492443925041
513 512 2.6232093010733206
514 348 8.830972763384846
515 251 8.783081242565212
515 246 6.456658004716227
515 516 3.929580687828469
516 515 3.929580687828469
517 265 1.580423353399095
517 264 1.5205172282001214
517 518 6.196790905669995
518 517 6.196790905669995
519 525 0.83287112667759
519 526 0.7096742856376799
519 527 2.8298095207992966
520 522 0.6252517818328149
521 522 0.609111971669086
522 520 0.6252517818328149
522 521 0.609111971669086
522 523 2.174970200902889
523 37 7.939730442468761
523 127 21.90797235476321
523 522 2.174970200902889
524 525 2.9115150908808514
525 519 0.83287112667759
525 268 6.904065934182179
525 524 2.9115150908808514
526 519 0.7096742856376799
527 519 2.8298095207992966
528 44 2.286972448977137
528 23 10.61360608172859
528 529 5.46336246473286
529 530 4.854268057206985
529 528 5.46336246473286
529 531 9.624580655108641
530 532 2.031309536962502
530 529 4.854268057206985
530 534 3.540638317876752
531 529 9.624580655108643
531 453 3.952583101268999
531 534 2.540695695397347
532 530 2.031309536962502
532 539 3.0400149433270713
532 533 9.71474446536897
533 534 3.582521375338859
533 532 9.71474446536897
533 552 1.6434791771721777
534 533 3.582521375338859
534 531 2.540695695397347
534 530 3.540638317876752
535 539 1.2576276787600456
536 449 0.772909200442941
537 549 0.9483614398210195
538 461 1.080586483188613
539 576 0.5873385804159358
539 535 1.2576276787600456
539 532 3.0400149433270713
540 73 8.779274997550843
541 362 2.054031084807713
541 8 7.327944259986158
541 542 5.431704131551108
542 541 5.431704131551108
543 94 4.684762391114799
544 59 8.322814191818695
544 13 2.2899274765524034
544 545 2.72108863679155
545 355 0.3086457879587497
545 13 2.7291516352561054
545 544 2.72108863679155
546 337 2.4328488153787435
547 549 1.6548834613003394
548 478 2.2421424172906095
549 537 0.9483614398210195
549 547 1.6548834613003394
549 456 2.04591159514759
550 551 0.6080252117904535
551 550 0.6080252117904535
551 211 0.5294816340862932
551 204 6.907729209494621
552 533 1.6434791771721777
553 123 1.6260379750082972
553 0 2.368255430999187
554 6 0.23671247034560644
555 135 5.811305657254207
555 48 9.216189751747601
555 561 3.3459904510542047
556 562 2.478752319147661
556 593 2.9584510117759
556 561 1.7480081463025148
557 563 2.5930934568048696
557 575 3.812258037736061
557 571 11.669656639023138
558 568 0.9018770529457558
559 568 2.17964732138018
559 560 1.4096446058084597
559 589 1.132135760326584
560 559 1.4096446058084597
560 593 7.763983056143068
560 591 1.8542958767513076
561 556 1.7480081463025148
561 555 3.3459904510542047
561 590 3.2136620377735885
562 565 0.9970496785175915
562 594 0.6723980703078878
562 556 2.478752319147661
563 569 6.720513049878099
563 557 2.5930934568048696
563 604 8.441678225805784
564 146 1.1026750601805297
564 25 0.2382747349866732
564 587 1.9188488471363536
565 562 0.9970496785175915
566 433 8.398603238556285
567 568 0.5527582686057395
568 558 0.9018770529457558
568 559 2.17964732138018
568 567 0.5527582686057395
569 190 0.28911836269744773
569 193 2.929433988839715
569 563 6.7205130498780985
570 571 0.6259643919620582
571 570 0.6259643919620582
571 557 11.669656639023138
571 575 6.1207418760186245
572 573 4.789926288496481
573 572 4.789926288496482
573 582 3.46625765335645
573 574 3.7935404329734403
574 583 0.83278024499734
574 575 6.883435809980585
574 573 3.7935404329734403
575 557 3.812258037736061
575 574 6.883435809980586
575 571 6.120741876018625
576 539 0.5873385804159358
577 578 0.5683978618789829
578 577 0.5683978618789829
578 579 1.1774790795374273
578 580 1.85928358187134
579 578 1.1774790795374273
580 578 1.85928358187134
580 581 4.8634880905409155
580 597 2.171005328050908
581 196 1.9953237546619829
581 197 14.384215480407827
581 580 4.863488090540916
582 573 3.46625765335645
583 574 0.83278024499734
584 589 12.686553327272044
585 587 1.1542345056383112
586 587 1.5018294418941804
587 564 1.9188488471363536
587 585 1.1542345056383112
587 586 1.5018294418941804
588 589 2.0013110070244724
589 584 12.686553327272048
589 559 1.132135760326584
589 588 2.0013110070244724
590 561 3.2136620377735885
591 560 1.8542958767513076
592 593 1.4629799207031613
593 560 7.763983056143068
593 556 2.958451011775901
593 592 1.4629799207031615
594 562 0.6723980703078878
595 492 1.6251334799038828
596 487 3.5980319422129843
597 580 2.171005328050908
598 599 0.5200968307282632
599 598 0.5200968307282632
599 278 2.2825990132376894
599 251 7.253446296518429
600 281 0.588580163655427
601 281 0.5407605617949188
602 290 3.914784442144165
603 422 0.43310229927463534
604 563 8.441678225805784
605 606 0.5126359523831079
606 605 0.5126359523831079
606 302 0.5890739242570193
606 432 10.39652317241528
607 150 0.13927381595490135
607 444 2.6144894571672053
