0 548 7.008613065848518
0 15 7.812628938006231
0 83 7.97601478282089
1 63 0.48869815013390827
1 62 4.068454637691487
1 67 11.908769626908164
2 666 1.1878943166016458
2 26 4.036744861320426
2 620 2.0730054162275118
3 4 4.6643825825504015
3 666 11.894274596690089
4 645 22.146145426172556
4 27 18.048983842986928
5 616 2.4137072638082966
5 394 2.901828357271478
6 10 1.3961631318113195
6 395 1.6286681536363896
7 8 0.854271183530868
8 616 1.4696424202367733
8 5 2.73839993741815
9 572 44.5270058346752
9 617 1.1095950520721822
10 619 0.44905811024438536
11 386 6.247627929881223
11 625 22.01299309538485
11 390 7.677738079055126
12 681 0.6292277588232051
12 634 3.733026256246558
13 417 7.165843319874018
13 425 16.81233777524312
13 14 5.588531261863413
14 45 8.722323437698122
14 13 5.588531261863414
14 657 9.365528174147219
15 178 9.96223168283766
15 0 7.812628938006232
15 164 11.892380128217482
16 393 2.7108391096302356
16 178 12.799314503989232
16 184 7.542420635181208
17 18 2.911484831795058
17 529 4.626435597046813
17 618 6.045150078506351
18 17 2.911484831795058
18 19 8.445162546902232
19 588 0.937461610509489
19 665 0.8116404229519046
20 579 3.9986084894540044
20 838 0.3021961566612147
21 622 1.7702780059930086
21 664 1.4671393804912518
22 620 5.580930996883379
22 622 9.429468950047625
22 56 6.168713794706297
23 837 2.933512246255499
23 573 5.399803625315375
23 576 16.610971174676546
23 588 6.267684932283172
24 837 2.5031468512810813
24 25 2.596194535848542
25 81 4.585949867735738
25 587 12.474524979945947
26 595 3.738286567353502
26 2 4.036744861320426
26 593 11.419891804889668
27 591 5.577203171324478
27 28 5.113167321131479
27 4 18.04898384298693
28 33 3.886686996066283
28 72 5.537571576304712
28 27 5.113167321131479
29 598 1.780688765438392
29 44 10.240812928077524
29 600 6.0503742956878135
30 32 3.4798375173100773
30 31 7.778294649381776
30 822 4.803500245894269
31 33 0.9198610652837139
31 34 5.335634695787118
31 30 7.778294649381776
32 827 2.7468694691016826
32 30 3.4798375173100773
32 828 1.953128929463779
33 31 0.9198610652837139
33 28 3.886686996066283
33 55 10.720718202304457
34 35 7.342310561195415
34 31 5.335634695787118
34 40 6.69210438917035
35 669 28.55060352044786
35 34 7.342310561195417
35 36 4.098651595345152
36 42 5.2114867318334825
36 37 3.2505711032198583
36 35 4.098651595345152
37 36 3.2505711032198583
37 40 6.593330433023464
37 38 10.691950933546023
38 39 3.7823402939111728
38 43 1.9023365344065621
38 37 10.691950933546023
39 38 3.7823402939111728
40 37 6.593330433023464
40 41 7.380268568143246
40 34 6.69210438917035
41 40 7.380268568143245
42 36 5.2114867318334825
43 38 1.9023365344065621
44 53 4.122905372501446
44 54 4.694133352948083
44 45 15.69743580797382
44 29 10.240812928077524
45 46 7.1672297563878375
45 14 8.722323437698122
45 44 15.697435807973823
46 52 7.875759712838503
46 47 6.372117825088068
46 45 7.1672297563878375
47 46 6.372117825088068
47 48 10.160897882975682
48 47 10.16089788297568
48 49 3.5405035822552877
49 48 3.540503582255287
49 624 3.842834149548314
49 50 6.031687992560045
49 681 6.089504452453056
50 589 4.5419281526857445
50 49 6.031687992560045
51 589 16.182331921447112
52 46 7.875759712838503
53 44 4.122905372501446
54 44 4.694133352948083
55 33 10.720718202304457
56 57 3.130830098991768
56 22 6.168713794706297
56 58 3.577401697567244
57 56 3.130830098991768
58 56 3.577401697567244
59 783 5.373542710231072
59 61 1.4258503972195657
59 60 1.008422739595233
60 59 1.008422739595233
61 59 1.4258503972195657
62 1 4.068454637691487
62 783 5.210464371550723
62 712 0.8540655340563602
63 1 0.48869815013390827
63 64 8.071030906827074
63 584 16.78619868463579
64 595 4.533698054790178
64 63 8.071030906827074
64 65 1.165767532801554
65 66 1.9914309847496205
65 64 1.165767532801554
65 597 2.515870062031608
66 65 1.9914309847496205
67 68 1.554770376314452
67 1 11.908769626908162
67 71 2.6794153409199115
68 69 0.5401942460535186
68 67 1.554770376314452
68 70 0.532708039924708
69 68 0.5401942460535186
70 68 0.532708039924708
71 67 2.6794153409199115
72 73 5.990082864139934
72 598 15.21976131656789
72 28 5.537571576304712
73 74 5.833858805442099
73 72 5.990082864139933
73 673 7.446720968854433
74 76 1.6037682556771526
74 73 5.833858805442099
74 75 2.2363736774943006
75 74 2.2363736774943006
76 74 1.6037682556771526
77 78 1.5885481919845257
77 79 29.13258999605324
77 644 9.721693189199915
78 77 1.5885481919845257
79 683 0.2993093740670073
79 77 29.132589996053234
79 81 7.663449808081625
80 573 6.252337392086303
81 25 4.585949867735738
81 82 1.2376163271955731
81 79 7.663449808081625
82 81 1.2376163271955731
83 0 7.97601478282089
83 609 5.798492054393861
83 99 2.110326837811419
84 124 5.755842620400532
84 130 6.407355521535528
84 128 4.669425927606708
85 118 6.113536750645105
85 114 5.558416399999458
85 92 7.865441449902497
86 87 2.7595493644160363
86 116 3.22504309376942
87 86 2.7595493644160363
87 159 7.587010687240862
88 92 1.6679111553096675
88 91 2.1560312384161526
88 94 7.569926612405233
89 722 9.076181742600557
90 722 2.429241500342704
91 722 4.865504516659679
91 88 2.1560312384161526
91 721 4.083361172391011
92 88 1.6679111553096675
92 85 7.865441449902497
92 93 9.108809084927703
93 92 9.108809084927703
94 95 5.862577425991083
94 88 7.569926612405233
94 96 3.6010129054835303
95 94 5.862577425991083
96 94 3.6010129054835307
97 106 5.964497001798983
97 671 5.514968285628951
97 399 4.584497969041718
98 130 3.228026214009322
98 99 5.594556401932001
98 102 8.789670740161377
99 98 5.594556401932001
99 83 2.110326837811419
99 100 16.95905718962042
100 670 1.2703811032136119
100 101 0.5431801416588982
100 99 16.95905718962042
101 100 0.5431801416588982
102 98 8.789670740161377
102 106 5.2332281958812645
102 104 10.637861823421476
103 104 4.484348839345853
104 103 4.484348839345853
104 102 10.637861823421476
104 105 6.419209466065627
105 104 6.419209466065627
105 110 5.751484394177477
105 106 9.438196927950838
106 97 5.964497001798983
106 102 5.2332281958812645
106 105 9.438196927950838
107 108 7.272886939308123
107 159 6.806665149657784
107 161 3.6608009449890058
108 107 7.272886939308122
108 110 4.972683462078646
108 109 1.7100961630718021
109 108 1.7100961630718021
110 111 3.6718933710235047
110 108 4.972683462078646
110 105 5.751484394177477
111 112 1.0932942832848302
111 110 3.6718933710235047
111 113 0.5740289753616034
112 111 1.0932942832848302
113 111 0.5740289753616034
114 116 1.8998932329857814
114 85 5.558416399999458
114 115 6.8388424421422584
115 114 6.838842442142258
116 114 1.8998932329857814
116 86 3.22504309376942
116 117 2.9701332833846337
117 116 2.9701332833846337
118 120 2.6689218228072433
118 85 6.113536750645105
118 119 12.1191655937212
119 118 12.119165593721203
120 118 2.6689218228072433
120 124 4.994703649450658
120 121 2.486904035545777
121 122 3.6885136582247844
121 120 2.486904035545777
121 123 4.248297497461336
122 121 3.6885136582247844
123 121 4.248297497461336
124 120 4.994703649450658
124 84 5.755842620400532
124 125 6.414347624533703
125 127 4.034433485274291
125 126 3.6903717006381367
125 124 6.414347624533703
126 125 3.6903717006381367
127 125 4.034433485274291
128 84 4.669425927606708
129 164 5.4068422653085975
130 84 6.407355521535528
130 98 3.228026214009322
130 131 10.765982981933064
131 130 10.76598298193306
132 420 2.8097219775652986
132 407 11.643871973633914
132 133 16.481333318970787
133 160 8.05061489191229
133 132 16.481333318970787
133 134 1.609647065249095
134 138 1.5963929470507927
134 133 1.609647065249095
134 750 3.5643442473487728
134 145 5.411110806963353
135 136 0.36223433837297775
135 137 0.3250520153129749
135 750 2.541901599319624
136 135 0.36223433837297775
137 135 0.3250520153129749
138 134 1.5963929470507927
139 140 4.202104263816376
139 455 9.301576517905078
139 187 15.465980773247589
140 141 2.284697558889671
140 139 4.202104263816376
140 154 3.451896149212318
141 142 2.178927014261966
141 140 2.284697558889671
141 238 7.584546421613506
142 141 2.178927014261966
142 751 7.795695816609605
142 144 4.301749977075929
143 144 4.946080761746627
143 245 5.200137607730119
143 754 6.351845950355634
144 143 4.946080761746627
144 239 5.637489523328094
144 142 4.301749977075929
145 245 7.118621287957938
145 134 5.411110806963353
145 153 4.695388116248682
146 149 4.116575628262076
147 149 2.104590825071126
147 153 3.101737967097645
147 148 5.538534101640181
148 147 5.538534101640181
149 146 4.116575628262075
149 147 2.104590825071126
149 151 5.337237091399524
150 151 0.716707318116086
151 150 0.716707318116086
151 149 5.337237091399524
151 152 2.833474353378046
152 151 2.833474353378046
153 147 3.101737967097645
153 145 4.695388116248682
153 755 6.526728176938683
154 752 2.3907464003578114
154 140 3.451896149212318
154 155 2.365245956160398
155 154 2.365245956160398
155 157 1.3836890861431959
155 156 1.738440401235832
156 155 1.738440401235832
157 155 1.3836890861431959
158 399 15.669445721306095
158 407 4.598466346972846
158 161 6.676854883821436
159 162 4.968444124555029
159 87 7.587010687240864
159 107 6.806665149657785
160 162 3.7644137327294676
160 133 8.050614891912288
160 161 23.26479679153481
161 107 3.6608009449890058
161 158 6.676854883821436
161 160 23.26479679153481
162 160 3.7644137327294676
162 159 4.968444124555029
162 163 7.598918442852411
163 162 7.598918442852412
164 165 2.911058731841428
164 15 11.892380128217482
164 129 5.406842265308597
165 170 4.319587368521315
165 164 2.911058731841428
165 167 3.9089571645200722
166 824 0.5535710593160653
167 168 0.7920724310017458
167 165 3.9089571645200722
167 169 5.409779065410871
168 167 0.7920724310017458
169 167 5.409779065410871
170 824 0.28448891615841243
170 165 4.319587368521315
170 171 4.123671661599459
171 173 2.6344984681947987
171 172 3.34599499658381
171 170 4.123671661599459
172 171 3.34599499658381
172 176 5.066662743211571
172 174 4.263476082685343
173 171 2.6344984681947987
174 172 4.263476082685343
175 176 0.520583636962208
176 175 0.520583636962208
176 172 5.0666627432115705
176 177 3.6687836780531096
177 176 3.6687836780531096
178 16 12.799314503989232
178 15 9.96223168283766
178 179 7.389866079626808
179 180 4.4020372830041445
179 178 7.389866079626808
179 182 8.96259814972207
180 181 2.909499935659764
180 179 4.4020372830041445
180 728 4.438494964015859
181 180 2.909499935659764
182 179 8.96259814972207
183 728 0.6797797808269683
184 680 9.681794175265926
184 16 7.542420635181208
184 185 2.2863449438518835
185 186 2.4020362704549463
185 184 2.2863449438518835
185 726 3.065025392884495
186 725 0.50911813669087
186 185 2.4020362704549463
186 727 3.0921926297164317
187 466 1.889851081675821
187 139 15.465980773247589
187 246 4.211454215512424
188 189 14.906572586627895
188 668 14.097723952380633
188 214 5.187992865281797
189 768 16.364209345217013
189 188 14.906572586627895
189 250 8.119476640136721
190 191 13.638712332843
190 279 12.037865640122037
190 263 2.6081533663071514
191 194 12.07123414119629
191 611 14.297900463773786
191 190 13.638712332842996
192 193 10.031810193089632
192 200 12.0211474322964
192 196 8.3379673930935
193 192 10.031810193089632
193 205 8.958151247851086
193 204 8.820039021438356
194 200 7.540433371593149
194 191 12.071234141196292
194 195 8.296755370040817
195 196 19.676005707425972
195 194 8.296755370040817
195 198 9.307511855652082
196 195 19.676005707425972
196 625 13.145768686050923
196 192 8.3379673930935
197 198 1.2166346632754752
198 197 1.2166346632754752
198 195 9.307511855652082
198 199 3.945786346922645
199 198 3.945786346922645
200 201 6.455869386292916
200 192 12.0211474322964
200 194 7.540433371593149
201 200 6.455869386292916
201 203 1.8506366203572429
201 202 6.256793412945074
202 201 6.256793412945074
203 201 1.8506366203572429
204 193 8.820039021438355
205 193 8.958151247851086
206 207 1.411134006153455
206 668 4.936257864547395
206 215 7.884720607847634
207 208 4.042849810284941
207 206 1.411134006153455
207 216 4.013579842823263
208 209 2.9492374740128486
208 207 4.042849810284941
208 219 3.0806410143539122
209 210 3.408841030304537
209 208 2.9492374740128486
209 220 4.692686373186425
210 225 1.9761284326208572
210 211 5.17372361395359
210 209 3.4088410303045373
211 212 6.441541659458899
211 210 5.173723613953588
211 226 4.444039083914445
212 213 4.646560644945027
212 211 6.4415416594589
212 221 3.515235667888008
213 214 4.3804523414496
213 212 4.646560644945027
213 232 4.926062004504607
214 188 5.187992865281797
214 213 4.3804523414496
214 233 4.149949925386729
215 206 7.884720607847634
216 218 5.276751478894485
216 207 4.013579842823263
216 217 3.356497690941816
217 216 3.356497690941816
218 216 5.276751478894485
219 208 3.080641014353912
220 209 4.692686373186425
221 222 3.73462013416659
221 212 3.515235667888008
221 764 2.1485675523798835
222 763 0.4114199335375023
222 223 3.390191719079606
222 221 3.73462013416659
223 222 3.390191719079606
224 764 2.36790820585446
225 210 1.9761284326208572
225 760 4.180463432327896
225 762 3.36372449749002
226 227 7.080270135606665
226 211 4.444039083914445
226 229 8.679113375971069
227 228 3.6684110843839264
227 226 7.080270135606665
227 767 1.2882918870310314
228 227 3.6684110843839264
228 766 1.3019618411437806
228 840 2.8340097864030613
229 230 3.845829630766853
229 226 8.679113375971069
229 757 2.8385389408056536
230 231 2.312304070422242
230 229 3.845829630766853
230 758 2.7143159712253087
231 230 2.312304070422242
232 213 4.926062004504607
233 236 2.2597587685571314
233 234 2.979302395214164
233 214 4.149949925386729
234 235 4.460781517629425
234 233 2.979302395214164
234 237 2.762270135466272
235 234 4.4607815176294245
236 233 2.2597587685571314
237 234 2.762270135466272
238 141 7.584546421613506
239 753 1.9998613355364856
239 144 5.637489523328093
239 240 4.599892881855604
240 241 1.9401584457895924
240 239 4.599892881855604
240 242 7.524860787529847
241 240 1.9401584457895924
242 243 1.7369073318319803
242 240 7.524860787529847
242 244 1.400246283800977
243 242 1.7369073318319803
244 242 1.400246283800977
245 143 5.200137607730119
245 145 7.118621287957938
245 723 3.4821594908561564
246 247 3.2565654796024797
246 187 4.211454215512424
246 756 3.0134301533919623
247 248 2.113491980646927
247 246 3.2565654796024797
247 761 9.548899113384257
248 249 10.682397212247109
248 247 2.113491980646927
248 759 2.5353510617724164
249 248 10.682397212247107
250 251 2.5162316355216867
250 189 8.119476640136721
250 260 3.8474178675455293
251 252 2.9313944000894425
251 250 2.5162316355216867
251 261 3.1843578468674667
252 253 4.076733417114878
252 251 2.9313944000894425
252 262 8.107928525259194
253 254 1.9465869094483408
253 252 4.076733417114878
253 259 3.296964272056696
254 255 2.5486842207060896
254 253 1.9465869094483408
254 258 3.2994176263935926
255 256 3.7213711434974197
255 254 2.5486842207060896
255 257 2.9554186472833393
256 255 3.7213711434974197
257 255 2.9554186472833393
258 254 3.2994176263935926
259 253 3.296964272056696
260 250 3.8474178675455293
261 251 3.1843578468674667
262 252 8.107928525259194
263 264 3.159352742303248
263 190 2.6081533663071514
263 280 3.9143558564973735
264 265 2.9188231600531975
264 263 3.159352742303248
264 281 2.2506890452232633
265 266 2.1991274120725186
265 264 2.9188231600531975
265 287 4.843503038956138
266 267 8.273571365052058
266 265 2.1991274120725186
266 293 4.114650272552783
267 268 3.4109356670804556
267 266 8.273571365052058
267 300 3.172388282270507
268 269 4.26978220609087
268 267 3.410935667080456
268 322 5.534539167887943
269 270 2.287212807639421
269 268 4.26978220609087
269 323 3.6624472681445006
270 271 2.7061956886050678
270 269 2.287212807639421
270 785 3.263985294856651
271 272 4.732730161558309
271 270 2.7061956886050678
271 771 2.976215562042388
272 273 3.0697406698298555
272 271 4.732730161558309
272 336 6.482520789536103
273 325 2.8444704612451845
273 274 2.3650634612884884
273 272 3.0697406698298555
274 275 10.52203899921128
274 273 2.3650634612884884
274 327 2.800311883709543
275 276 4.089846559679904
275 274 10.522038999211281
275 332 2.9117485381167767
276 277 5.380622922797325
276 275 4.089846559679905
276 328 2.2861697153706713
277 278 3.43713166271541
277 276 5.3806229227973255
277 769 5.798337366447989
278 279 4.034134085019629
278 277 3.43713166271541
278 331 6.858944669081483
279 278 4.034134085019629
279 190 12.037865640122037
279 358 12.944384366241586
280 263 3.9143558564973735
281 282 3.2775404311827527
281 264 2.2506890452232633
281 283 1.4115909283829404
282 791 1.6437904049369736
282 787 0.5469239308781639
282 281 3.2775404311827527
283 788 0.6093557022128347
283 284 2.113443281815597
283 281 1.4115909283829404
284 285 1.4704493906104157
284 286 0.36572096536863713
284 283 2.113443281815597
285 284 1.4704493906104157
286 284 0.36572096536863713
287 288 2.4398945982213514
287 265 4.843503038956137
287 291 6.99790346311496
288 289 1.2799497388984944
288 786 0.34608350474552557
288 287 2.4398945982213514
289 288 1.2799497388984944
290 291 0.7112931772330943
291 290 0.7112931772330943
291 292 1.2558947946267367
291 287 6.99790346311496
292 291 1.2558947946267367
293 295 2.9722509670429065
293 298 3.9737988035947596
293 266 4.114650272552783
294 298 0.8601898888247629
295 296 1.387528800332373
295 293 2.9722509670429065
295 297 1.1613223907871664
296 295 1.387528800332373
297 295 1.1613223907871664
298 294 0.8601898888247629
298 792 1.9960251898931447
298 293 3.9737988035947596
299 792 0.7600048194071936
300 302 4.620163469691082
300 267 3.172388282270507
300 304 2.681707900884008
301 302 4.2354085562162425
301 313 9.873616813862508
301 309 2.75111610382433
302 301 4.2354085562162425
302 300 4.620163469691082
302 303 5.017072197347942
303 302 5.017072197347942
304 305 0.29041191181072656
304 300 2.6817079008840086
304 804 2.85956053481971
305 304 0.29041191181072656
305 306 2.6431212381258558
305 308 2.373197242371505
306 307 2.0654974776651622
306 794 4.957619872915747
306 305 2.6431212381258558
307 306 2.0654974776651622
308 305 2.373197242371505
309 320 1.3525400143825765
309 310 4.242050432976115
309 301 2.75111610382433
310 311 10.857065348110861
310 309 4.242050432976115
310 795 2.9770936132004193
311 802 0.9568725281644849
311 312 2.201315061162395
311 310 10.857065348110861
312 311 2.201315061162395
313 321 1.2489561002042344
313 314 3.246366434306514
313 301 9.873616813862508
314 315 2.4728500195056657
314 313 3.246366434306514
314 318 1.9322934970168197
315 798 0.7253042428817991
315 314 2.4728500195056657
315 317 1.7658756980087214
316 798 1.0679721970134315
317 800 0.8034135298938314
317 799 1.2866958322697812
317 315 1.7658756980087214
318 797 0.4147467231440243
318 314 1.9322934970168197
318 796 1.1001110164574792
319 795 1.018005657060754
320 309 1.3525400143825765
321 313 1.2489561002042344
322 268 5.534539167887943
323 269 3.6624472681445006
324 325 4.532415873704937
325 273 2.8444704612451845
325 324 4.532415873704937
325 326 2.992824289644075
326 325 2.992824289644075
327 274 2.800311883709543
328 329 5.56859273329387
328 276 2.2861697153706713
328 330 5.382744521559866
329 684 7.539623266181875
329 328 5.56859273329387
329 784 9.272387813244004
330 328 5.382744521559866
331 278 6.858944669081483
332 333 3.3932798033404157
332 275 2.9117485381167767
332 335 9.376464443441998
333 334 9.462244833520653
333 332 3.3932798033404157
333 772 4.041343125786329
334 333 9.462244833520655
335 332 9.376464443441998
336 272 6.482520789536103
337 785 0.5966523837598201
338 785 4.468613789439945
339 356 5.388544485203846
340 341 3.5497166278323715
340 768 7.796385642358187
340 370 2.4157885336660074
341 342 5.022354403860602
341 340 3.5497166278323715
341 719 2.778456922455758
342 343 3.8157046389437035
342 341 5.022354403860602
342 375 4.854099391913345
343 344 2.113006645482227
343 342 3.8157046389437035
343 376 4.151585151794788
344 343 2.113006645482227
344 345 2.958432631493264
344 367 4.3048149623928245
345 346 3.0804523889732476
345 344 2.958432631493264
345 366 6.473091343384271
346 347 2.1642768971354838
346 345 3.080452388973247
346 365 4.5288348882714535
347 348 2.0103345854494976
347 346 2.1642768971354838
347 379 4.441610617045082
348 347 2.0103345854494976
348 349 3.8286796245755954
348 364 5.25325869074909
349 350 3.384014731476773
349 348 3.8286796245755954
349 359 2.6507542773040234
350 351 1.8606087164045206
350 349 3.384014731476773
350 382 5.44718411559705
351 352 2.055608511848957
351 350 1.8606087164045206
351 773 4.532755274181598
352 353 2.9028162675142446
352 351 2.055608511848957
352 770 4.193203441972178
353 354 1.7459830073005194
353 352 2.9028162675142446
353 378 4.049094565307513
354 355 3.140986641348256
354 353 1.7459830073005194
354 774 3.1290523085491118
355 356 1.8736901029125173
355 354 3.140986641348256
355 377 4.11627954852806
356 355 1.8736901029125173
356 357 4.784384199653614
356 339 5.388544485203847
357 358 6.4660331058529685
357 356 4.784384199653614
357 380 6.215863738971708
358 279 12.944384366241586
358 768 6.188927435416014
358 357 6.4660331058529685
359 360 2.7247842996122875
359 349 2.6507542773040234
359 363 2.456998283359896
360 361 4.145086719025728
360 359 2.7247842996122875
360 776 2.4837968540002326
361 360 4.145086719025727
362 776 1.3307946067696645
363 779 0.5294799663375719
363 814 2.6289830204345987
363 359 2.456998283359896
364 348 5.25325869074909
365 346 4.5288348882714535
366 345 6.473091343384271
367 368 0.9443666608935928
367 369 0.8492403394211202
367 344 4.3048149623928245
368 367 0.9443666608935928
369 367 0.8492403394211202
370 373 1.1519244266570756
370 371 1.9640248938963087
370 340 2.4157885336660074
371 372 0.9829271599212996
371 718 0.41531283654724954
371 370 1.9640248938963087
372 371 0.9829271599212996
373 370 1.1519244266570756
374 719 0.6142568071535967
375 342 4.854099391913345
376 343 4.151585151794788
377 355 4.11627954852806
378 353 4.049094565307513
379 347 4.441610617045082
380 357 6.2158637389717075
381 774 1.0853511010023886
382 350 5.44718411559705
383 385 3.764443498098608
383 384 23.923862556534413
383 782 89.87896816580886
384 383 23.923862556534413
385 383 3.764443498098608
386 388 6.375559507534275
386 780 4.640144852462513
386 11 6.247627929881223
387 388 2.016489938125675
388 387 2.016489938125675
388 389 3.1647935167357106
388 386 6.375559507534275
389 388 3.1647935167357106
390 391 11.823774953178084
390 11 7.677738079055127
390 392 5.75278852065509
391 390 11.82377495317808
392 390 5.75278852065509
393 16 2.7108391096302356
393 615 11.535644025774813
393 534 13.501965906723525
394 781 3.1776742990099356
394 5 2.958296683244688
395 10 1.6815116175977132
395 653 3.6617803019143342
396 397 5.952521671711402
396 654 5.31195888428579
396 398 5.526885862438749
397 396 5.952521671711402
398 396 5.526885862438749
399 97 4.584497969041718
399 158 15.669445721306095
399 405 2.962009983306513
400 405 0.7694963011094702
400 401 2.884164724715558
400 403 5.778035115667561
401 402 10.877079751541807
401 400 2.884164724715558
401 404 2.492186764121313
402 401 10.877079751541807
403 400 5.778035115667562
404 835 0.7004904575900857
404 836 3.017904156805981
404 401 2.492186764121313
405 400 0.7694963011094702
405 399 2.962009983306513
405 406 9.83450068544454
406 405 9.834500685444537
407 158 4.598466346972846
407 132 11.643871973633916
407 408 10.499246435387576
408 409 3.7589681605160465
408 428 6.644257606572902
408 407 10.499246435387576
409 410 5.527370303960481
409 408 3.7589681605160465
409 413 4.876342936305267
410 409 5.527370303960481
410 411 8.51953183968153
410 415 4.427983158396929
411 422 1.1773910195138695
411 410 8.51953183968153
411 421 15.906599598859293
412 413 7.71754327445655
412 421 1.6845005110671543
412 420 6.016083554941721
413 412 7.71754327445655
413 409 4.876342936305267
413 414 3.3817455875446645
414 413 3.3817455875446645
415 416 1.5928614701721917
415 724 0.6574015775483473
415 410 4.427983158396929
416 415 1.5928614701721917
417 13 7.165843319874019
417 428 7.004019580172266
417 418 4.852446624235831
418 713 11.116298458068046
418 417 4.852446624235831
418 419 7.7486051455662786
419 418 7.7486051455662786
420 132 2.8097219775652986
420 412 6.016083554941721
420 455 11.63366137086757
421 412 1.6845005110671543
421 411 15.906599598859296
421 439 13.352080901715853
422 423 11.492436189859875
422 411 1.1773910195138695
422 431 9.748783264939362
423 422 11.492436189859875
423 424 5.644208271518399
423 426 9.479452999592818
424 423 5.644208271518399
424 425 2.6380856986094514
425 13 16.81233777524312
425 634 1.6495279569218377
426 427 3.2424333950625575
426 423 9.47945299959282
426 430 4.272395253683519
427 426 3.2424333950625575
427 428 6.7901826461047206
427 429 5.328252966996045
428 408 6.644257606572902
428 417 7.004019580172265
428 427 6.79018264610472
429 427 5.328252966996045
430 426 4.272395253683519
431 432 14.096407418758272
431 422 9.748783264939362
431 433 5.709699205007696
432 445 6.3281928911827245
432 431 14.096407418758272
432 494 3.840631852854545
433 434 5.845794209337331
433 431 5.709699205007696
433 716 12.835908051042999
434 435 4.301872516484204
434 433 5.845794209337331
434 442 2.1900813838100746
435 436 4.309996863650893
435 434 4.301872516484205
435 453 9.877794564218052
436 437 6.686024525626835
436 435 4.309996863650893
436 441 9.772672879925782
437 440 4.653594676671858
437 438 4.655106122432854
437 436 6.686024525626835
438 439 6.251849761997389
438 437 4.655106122432854
438 454 6.978388181151559
439 455 4.390075864210023
439 438 6.251849761997389
439 421 13.352080901715853
440 437 4.653594676671858
441 436 9.772672879925784
442 443 5.460703051284895
442 434 2.1900813838100746
442 444 3.969618397738816
443 442 5.460703051284896
444 442 3.9696183977388166
445 432 6.3281928911827245
445 446 2.297326296531724
445 685 6.882872542291443
446 447 6.007638858066967
446 445 2.297326296531724
446 450 2.935868746113646
447 446 6.007638858066967
447 449 1.8181829198201016
447 448 5.067327232452394
448 447 5.067327232452394
449 447 1.8181829198201016
450 451 3.0270285725322075
450 686 10.498020578743454
450 446 2.935868746113646
451 450 3.0270285725322075
452 716 0.638153887360211
453 435 9.877794564218052
454 438 6.97838818115156
455 420 11.63366137086757
455 139 9.301576517905078
455 439 4.390075864210023
456 457 4.468326328466575
456 614 4.6295459891525566
456 468 6.403798380828067
457 458 2.833489068455893
457 456 4.468326328466575
457 467 5.548712667669943
458 457 2.833489068455893
458 459 3.565185146256586
458 469 8.382257106133228
459 460 1.579850717606982
459 458 3.565185146256586
459 466 7.589650914958806
460 459 1.579850717606982
460 461 5.061858334870759
460 679 4.67296263356091
461 462 4.0466171116349265
461 460 5.0618583348707595
461 465 4.265125970148791
462 463 3.308474261711858
462 461 4.0466171116349265
462 464 4.1878503151037725
463 462 3.308474261711858
464 462 4.1878503151037725
465 461 4.265125970148791
466 187 1.889851081675821
466 667 19.755338014209833
466 459 7.589650914958806
467 457 5.548712667669943
468 456 6.403798380828068
469 458 8.382257106133228
470 486 2.3924919129935676
471 746 3.7669101891497374
471 613 8.177112661638605
471 479 4.486951875560634
472 473 3.4558506047766446
472 746 1.3694205143049238
472 748 3.512396834222281
473 474 5.425271429068731
473 472 3.4558506047766446
473 484 5.094172339442048
474 475 6.684035582489556
474 473 5.425271429068731
474 489 3.8891261428097073
475 474 6.684035582489556
475 476 5.508436852186115
475 482 3.5395929776778545
476 477 1.8206492534759215
476 475 5.508436852186114
476 483 12.753078754902015
477 476 1.8206492534759215
477 528 3.3223549143765236
477 478 10.785888229569736
478 477 10.785888229569734
479 480 2.308111406430946
479 471 4.486951875560634
479 481 7.09673277754422
480 479 2.308111406430946
481 479 7.096732777544221
482 475 3.539592977677855
483 476 12.753078754902013
484 485 4.3514442209128585
484 486 3.699373145738344
484 473 5.094172339442048
485 484 4.3514442209128585
486 484 3.699373145738344
486 470 2.3924919129935676
486 487 1.7242111200639805
487 486 1.7242111200639805
488 490 3.2951003658609572
489 490 5.142681586954105
489 474 3.8891261428097073
489 491 3.984708238558113
490 488 3.2951003658609572
490 489 5.142681586954105
490 492 5.1693240013861494
491 489 3.9847082385581136
492 490 5.1693240013861494
493 510 1.2457676831487396
494 715 2.149222238563527
494 495 5.082525519272595
494 432 3.840631852854545
495 496 2.858213893984688
495 494 5.082525519272595
495 509 5.48986603465404
496 495 2.858213893984688
496 497 8.302633146782041
496 508 8.27589263097808
497 730 1.7198258685039187
497 496 8.302633146782043
497 507 5.370152657140669
498 736 1.887995550740801
498 730 4.522304565506687
498 513 1.9755533807764092
499 500 2.2079023538780818
499 736 2.494493785007324
499 505 2.9381197362913825
500 501 5.629172510410331
500 499 2.2079023538780818
500 504 4.329628464987152
501 502 3.5948133838176917
501 500 5.629172510410331
501 503 2.0582631540800786
502 501 3.5948133838176917
503 501 2.0582631540800786
504 500 4.329628464987152
505 738 2.0039283834133657
505 499 2.9381197362913825
505 740 3.167371595659494
506 738 3.1196754794950126
507 497 5.37015265714067
508 496 8.275892630978076
509 510 3.927680147071998
509 495 5.48986603465404
509 512 3.843202180441297
510 493 1.2457676831487396
510 511 1.6277252394456285
510 509 3.927680147071998
511 510 1.6277252394456285
512 509 3.8432021804412972
513 514 1.2885362274157814
513 498 1.9755533807764092
513 516 4.357553176941185
514 513 1.2885362274157814
514 735 2.015678708110076
514 515 1.9313269514012432
515 734 1.7215889359579726
515 516 0.9464910742449013
515 514 1.9313269514012432
516 517 3.6280114127233123
516 515 0.9464910742449013
516 513 4.357553176941185
517 732 2.3444621168779056
517 733 0.540437220014429
517 516 3.6280114127233123
518 528 23.106519571646707
518 714 14.478325990818572
518 519 4.08731787995859
519 520 2.7160838390068327
519 518 4.08731787995859
519 526 2.537006596639097
520 521 5.283000058358195
520 519 2.7160838390068327
520 744 8.448589462192107
521 678 3.900735315283653
521 520 5.283000058358196
521 522 3.823738969176796
522 523 0.6548044425547903
522 524 0.9783962330273657
522 521 3.823738969176796
523 522 0.6548044425547903
524 522 0.9783962330273657
525 744 6.0315805291805615
526 527 1.1092787142858755
526 741 1.539269359836857
526 519 2.537006596639097
527 526 1.1092787142858755
528 477 3.3223549143765236
528 613 15.93804323956175
528 518 23.1065195716467
529 580 2.3257627980855156
529 17 4.626435597046813
529 535 2.252911594432562
530 531 5.2136106231856045
530 585 17.79367601907814
530 538 18.152041805766597
531 532 7.257393515049251
531 530 5.2136106231856045
531 539 15.272475984326041
532 533 3.0955289411755937
532 531 7.257393515049251
532 569 14.414427225621566
533 532 3.0955289411755937
533 534 23.08486059423136
533 540 13.9476321986978
534 393 13.501965906723525
534 533 23.08486059423136
534 541 6.680984924681263
535 536 0.8259991526966279
535 537 1.0029960139420975
535 529 2.252911594432562
536 535 0.8259991526966279
537 535 1.0029960139420975
538 530 18.152041805766597
539 531 15.272475984326041
540 533 13.9476321986978
540 540 3.768622057034104
541 542 2.4554505475918855
541 534 6.6809849246812645
541 546 3.8848632669512826
542 543 5.081938731413289
542 541 2.4554505475918855
542 545 18.50626280906852
543 819 0.5087372323021223
543 821 5.439673291013617
543 542 5.081938731413289
544 821 0.503517866243951
545 542 18.50626280906852
546 818 0.5573849606979474
546 547 8.08920010507685
546 541 3.8848632669512826
547 546 8.08920010507685
548 549 2.513803873679771
548 553 3.660509943571061
548 0 7.008613065848518
549 550 4.678225441545232
549 548 2.513803873679771
549 558 9.899055173561964
550 549 4.678225441545232
550 551 6.370839875619304
550 556 6.42479467120254
551 550 6.370839875619304
551 783 7.325603905349418
551 567 12.179172889262995
552 602 0.8181732304717007
553 548 3.660509943571061
553 555 4.770507266645329
553 554 8.755770496130587
554 553 8.755770496130586
555 553 4.770507266645329
556 557 1.2414220199196078
556 672 7.587372495535279
556 550 6.42479467120254
557 556 1.2414220199196078
558 566 11.509087461583327
558 559 5.138454869582348
558 549 9.899055173561964
559 560 2.014593638843275
559 565 4.84613076608461
559 558 5.138454869582348
560 561 0.6320876585297432
560 559 2.014593638843275
560 564 6.530909220054444
561 560 0.6320876585297432
561 662 13.503210789727095
561 565 8.028802047484504
562 569 6.039552592827843
562 568 7.247279170617179
562 662 12.921988488427742
563 662 5.116174268594733
564 560 6.530909220054446
565 559 4.84613076608461
565 566 10.98388306026738
565 561 8.028802047484504
566 558 11.509087461583327
566 565 10.983883060267377
566 567 5.0081532002916
567 566 5.0081532002916
567 568 8.542943748531412
567 551 12.179172889262992
568 562 7.247279170617179
568 567 8.542943748531412
568 571 23.17648423960022
569 562 6.039552592827843
569 532 14.414427225621566
569 570 7.042504877841643
570 571 4.715198636147363
570 569 7.042504877841643
571 570 4.715198636147363
571 568 23.17648423960022
572 9 44.5270058346752
573 23 5.399803625315375
573 574 9.152909543901487
573 80 6.252337392086302
574 575 5.463875586170129
574 573 9.152909543901487
574 577 11.33701979792893
575 577 2.5537985398200447
575 576 2.3019453021180274
575 574 5.463875586170129
576 575 2.3019453021180274
576 23 16.61097117467655
576 834 3.05288473007201
577 575 2.5537985398200447
577 574 11.337019797928928
577 578 2.4851726939781646
578 577 2.4851726939781646
579 20 3.9986084894540044
580 529 2.3257627980855156
580 582 11.026609854017046
580 581 16.609659591712227
581 580 16.609659591712227
582 585 12.911543119432991
582 580 11.026609854017046
582 583 13.173871932006575
583 582 13.173871932006573
584 63 16.78619868463579
585 530 17.79367601907814
585 582 12.911543119432991
585 586 8.42659343260836
586 585 8.42659343260836
587 24 1.0186549320805496
587 837 2.545661489406387
588 665 1.2169677509834809
588 23 6.267684932283172
589 51 16.182331921447112
589 50 1.0797514631469727
590 666 3.632684635904706
591 27 5.577203171324479
591 593 3.3912298457140087
591 592 3.4112697802469745
592 591 3.4112697802469745
593 594 1.8717737241251926
593 591 3.3912298457140087
593 26 11.419891804889668
594 593 1.8717737241251926
595 26 3.738286567353502
595 596 2.5282032286055562
595 64 4.533698054790178
596 595 2.5282032286055562
597 65 2.515870062031608
598 29 1.780688765438392
598 599 10.036756541103859
598 72 15.21976131656789
599 598 10.036756541103859
600 601 0.6035924697952038
600 604 9.12978448314095
600 29 6.0503742956878135
601 600 0.6035924697952038
601 607 7.107424243314894
601 656 7.984460016227317
602 552 0.8181732304717007
602 816 4.183339565799228
602 603 3.402399417369993
603 602 3.402399417369993
604 600 9.12978448314095
605 816 0.15501740748812365
605 609 3.5183894040513475
605 606 2.735384365591678
606 605 2.735384365591678
607 601 7.107424243314894
608 671 1.7105057181156307
608 656 2.9220111645942373
608 657 4.369558927452176
608 652 3.943159716545328
609 83 5.798492054393861
609 655 6.93822620941068
609 605 3.5183894040513475
610 611 1.5358037445119752
610 625 26.510607792326873
611 612 1.4383613547780294
611 191 14.297900463773786
612 610 1.4000140606334646
613 471 8.177112661638605
613 614 13.486358469354302
613 528 15.938043239561752
614 456 4.6295459891525566
614 667 9.30520329509969
614 613 13.486358469354306
615 780 1.8646078914399145
615 393 11.535644025774813
616 6 1.3629638599069347
617 618 1.6852142673604678
618 17 6.0451500785063494
618 663 1.5116984331065464
620 621 7.045289205664501
620 2 2.0730054162275118
620 22 5.580930996883378
621 620 7.045289205664501
622 623 3.448802993514406
622 22 9.429468950047623
622 21 1.7702780059930086
623 622 3.448802993514406
624 631 2.994647350842774
624 49 3.8428341495483136
624 648 2.9056633801486567
625 11 22.012993095384846
625 610 26.510607792326873
625 196 13.145768686050921
626 691 0.5479875317304681
626 682 12.09868958537032
626 629 4.953088195156516
627 628 3.1306029111462075
627 630 5.622297276765711
627 629 3.6131113860007695
628 627 3.1306029111462075
628 651 4.973036564890433
628 650 4.377910316971033
629 627 3.6131113860007695
629 626 4.953088195156514
629 701 5.63855547723223
630 695 2.259156285645813
630 627 5.622297276765711
630 677 2.289886182266802
631 639 0.6616817499498384
631 624 2.994647350842774
631 709 1.8242959466112982
632 682 17.96192439061802
632 685 8.274352653160507
633 632 8.190586126469935
633 685 0.8001557837879155
634 425 1.6495279569218377
634 681 3.757079343165608
635 636 0.6807607607691804
636 635 0.6807607607691804
636 638 1.7414271671158092
636 647 2.9739883231333395
637 638 3.5551379083555843
638 637 3.5551379083555843
638 636 1.7414271671158092
638 639 2.7610923386908026
639 631 0.6616817499498384
639 674 8.413786367354536
639 638 2.7610923386908026
640 641 3.1509095256966586
641 642 0.7636387372077151
641 640 3.1509095256966586
641 677 1.6545168278647362
642 641 0.7636387372077151
643 645 2.5050769107183037
643 646 0.8197640357306634
644 643 1.1165453489873616
645 646 2.546170047813678
645 4 22.146145426172552
646 644 3.2040932148286054
647 636 2.9739883231333404
648 624 2.9056633801486558
649 704 0.2902890858640063
649 703 0.5686174515715808
649 651 3.102741373754996
650 628 4.377910316971033
650 676 2.611033943985318
650 832 1.4433578754722665
651 695 1.1024883800226972
651 628 4.973036564890433
651 649 3.102741373754996
652 655 1.5954121711411298
652 608 3.927375583574399
653 654 3.7361567409613743
653 395 3.6617803019143342
653 826 1.2041618551003186
654 396 5.311958884285789
654 653 3.7361567409613743
654 659 6.781732402437154
655 652 1.5954121711411298
655 609 6.93822620941068
655 656 6.215381185237746
656 608 2.9220111645942377
656 601 7.984460016227317
657 14 9.365528174147217
657 658 2.922375702510006
658 671 1.764276105447073
658 608 1.49805692792592
659 661 2.2943000105270754
659 660 1.0436654300815147
659 654 6.781732402437154
660 659 1.0436654300815147
661 659 2.2943000105270754
661 661 3.633383268364748
662 562 12.921988488427745
662 561 13.503210789727095
662 563 5.116174268594733
663 9 1.3683415149374134
664 18 11.056690730360678
665 20 4.664445436570624
666 2 1.1878943166016458
666 590 3.632684635904706
666 3 11.89427459669009
667 782 2.0221723816383324
667 466 19.755338014209833
667 614 9.30520329509969
668 188 14.097723952380633
668 782 4.389977344151262
668 206 4.936257864547395
669 35 28.55060352044786
670 100 1.2703811032136119
671 608 1.7105057181156307
671 97 5.514968285628951
672 556 7.58737249553528
673 73 7.446720968854431
674 675 2.8610225227054027
674 639 8.413786367354536
674 687 1.7937844176902276
675 709 8.802677429003058
675 690 12.116069923970239
675 674 2.8610225227054027
676 650 2.611033943985318
676 700 1.8784980109931833
676 699 1.2326212800422627
677 641 1.6545168278647362
677 630 2.289886182266802
677 697 1.3813348657126525
678 521 3.900735315283653
679 460 4.672962633560909
680 184 9.681794175265926
681 12 0.6292277588232051
681 633 6.706093413111114
681 49 6.089504452453056
682 632 17.961924390618016
682 626 12.09868958537032
682 839 1.909968917681511
683 79 0.2993093740670073
684 329 7.539623266181874
685 633 0.8001557837879155
685 12 6.757444748114432
685 445 6.882872542291443
686 450 10.498020578743454
687 689 12.89284108591668
687 690 3.935957694704326
687 674 1.7937844176902276
688 689 6.673277846002513
688 693 3.76324094896235
688 690 2.2177982859470813
689 688 6.673277846002513
689 687 12.892841085916682
689 711 3.289660922839387
690 675 12.116069923970239
690 688 2.2177982859470813
690 687 3.935957694704327
691 626 0.5479875317304681
692 829 0.6185565777873511
693 708 1.9650779592598187
693 688 3.763240948962351
693 830 12.971561613323233
694 705 1.1936760862333302
694 829 4.583177091311153
694 830 4.161398685915925
695 630 2.259156285645813
695 651 1.1024883800226972
695 696 2.9856056746275157
696 695 2.9856056746275157
697 697 3.8007261855641077
697 677 1.3813348657126525
698 701 1.8000389540416908
699 676 1.2326212800422627
700 676 1.8784980109931833
701 702 1.0763183918075236
701 629 5.63855547723223
701 698 1.800038954041691
702 701 1.0763183918075236
703 649 0.5686174515715808
704 649 0.2902890858640063
705 694 1.1936760862333302
705 708 2.3800587751214937
705 706 5.530712276648905
706 705 5.530712276648905
706 812 2.3924960489803246
706 813 3.9856234358491602
707 708 7.282685140964729
707 811 7.388354400127053
707 808 4.520509433799435
707 812 2.8226648353721173
708 705 2.3800587751214937
708 693 1.9650779592598187
708 707 7.282685140964729
709 675 8.80267742900306
709 631 1.824295946611298
709 710 1.3296322415865516
710 709 1.3296322415865516
711 689 3.289660922839387
712 62 0.8540655340563602
713 418 11.116298458068048
714 743 0.16573604000811235
714 518 14.478325990818572
714 715 5.417896953376451
715 742 2.3741927660842803
715 494 2.149222238563527
715 714 5.4178969533764505
716 452 0.638153887360211
716 717 0.43465924430660324
716 433 12.835908051043
717 716 0.43465924430660324
718 371 0.41531283654724954
719 720 0.48430250010498227
719 374 0.6142568071535967
719 341 2.778456922455758
720 719 0.48430250010498227
721 91 4.083361172391011
722 89 9.076181742600559
722 91 4.865504516659679
722 90 2.429241500342704
723 245 3.4821594908561564
724 415 0.6574015775483473
725 186 0.50911813669087
726 185 3.065025392884495
727 186 3.0921926297164317
728 183 0.6797797808269683
728 729 0.7801011380187627
728 180 4.438494964015859
729 728 0.7801011380187627
730 497 1.7198258685039187
730 731 2.2710069944999196
730 498 4.522304565506687
731 730 2.2710069944999196
732 517 2.3444621168779056
733 517 0.540437220014429
734 515 1.7215889359579726
735 514 2.015678708110076
736 737 2.4726780056038815
736 499 2.494493785007324
736 498 1.887995550740801
737 736 2.4726780056038815
738 739 1.7070199827507702
738 506 3.1196754794950126
738 505 2.0039283834133657
739 738 1.7070199827507702
740 505 3.167371595659494
741 526 1.539269359836857
742 743 2.4815960862431887
742 715 2.3741927660842803
743 714 0.16573604000811235
743 742 2.4815960862431887
744 525 6.031580529180561
744 520 8.448589462192107
744 745 2.523843871054594
745 744 2.523843871054594
746 472 1.3694205143049238
746 471 3.7669101891497374
746 747 2.333829425754289
747 746 2.333829425754289
748 472 3.512396834222281
749 750 1.2147231625728199
750 135 2.541901599319624
750 134 3.5643442473487728
750 749 1.2147231625728199
751 142 7.795695816609605
752 154 2.3907464003578114
753 239 1.9998613355364856
754 143 6.351845950355634
755 153 6.526728176938683
756 246 3.0134301533919623
757 229 2.838538940805653
758 230 2.7143159712253087
759 248 2.5353510617724164
760 225 4.180463432327896
761 247 9.548899113384257
762 225 3.36372449749002
763 222 0.4114199335375023
764 765 0.48644491801683204
764 224 2.36790820585446
764 221 2.1485675523798835
765 764 0.48644491801683204
766 228 1.3019618411437806
767 227 1.2882918870310314
768 358 6.188927435416014
768 189 16.364209345217013
768 340 7.796385642358186
769 277 5.798337366447989
770 352 4.193203441972178
771 271 2.976215562042388
772 333 4.041343125786329
773 351 4.532755274181598
774 381 1.0853511010023886
774 775 0.6835740522371208
774 354 3.1290523085491118
775 774 0.6835740522371208
776 362 1.3307946067696645
776 777 1.0056975893203304
776 360 2.4837968540002326
777 776 1.0056975893203304
778 814 0.4526814425757451
779 363 0.5294799663375719
780 781 1.8280921591907655
780 386 4.640144852462513
781 615 2.146540172762456
781 394 3.1776742990099356
782 667 2.0221723816383324
782 668 4.389977344151262
782 383 89.87896816580886
783 59 5.373542710231072
783 62 5.210464371550723
783 551 7.325603905349418
784 329 9.272387813244002
785 337 0.5966523837598201
785 270 3.263985294856651
785 338 4.468613789439945
786 288 0.34608350474552557
787 282 0.5469239308781639
788 283 0.6093557022128347
789 791 1.6367734569861847
790 791 1.0028898937530513
791 282 1.6437904049369736
791 790 1.0028898937530513
791 789 1.6367734569861847
792 299 0.7600048194071936
792 298 1.9960251898931447
792 793 0.5097025451789545
793 792 0.5097025451789545
794 306 4.957619872915747
795 319 1.018005657060754
795 803 0.4427284546808831
795 310 2.9770936132004193
796 318 1.1001110164574792
797 318 0.4147467231440243
798 315 0.7253042428817991
798 801 2.586582321837768
798 316 1.0679721970134315
799 317 1.2866958322697812
800 317 0.8034135298938314
801 798 2.586582321837768
802 311 0.9568725281644849
803 795 0.4427284546808831
804 304 2.85956053481971
805 806 0.6603030698192878
805 807 0.9972738558970491
805 811 2.917598107579495
806 805 0.6603030698192878
807 805 0.9972738558970491
808 809 10.215026021613127
808 811 2.9042512746447144
808 707 4.520509433799435
809 810 1.4458594338519977
809 808 10.215026021613125
809 812 3.844932208945486
810 809 1.4458594338519977
811 707 7.388354400127054
811 825 5.506467380132534
811 805 2.917598107579495
811 808 2.9042512746447144
812 809 3.844932208945486
812 706 2.3924960489803246
812 707 2.8226648353721173
813 706 3.9856234358491607
814 778 0.4526814425757451
814 815 1.2198058993707224
814 363 2.6289830204345987
815 814 1.2198058993707224
816 605 0.15501740748812365
816 602 4.183339565799228
816 817 2.3220362730730013
817 816 2.3220362730730013
818 546 0.5573849606979474
819 543 0.5087372323021223
820 821 0.5112058860321297
821 544 0.503517866243951
821 820 0.5112058860321297
821 543 5.439673291013617
822 30 4.803500245894269
823 824 2.582341395161609
824 166 0.5535710593160653
824 170 0.28448891615841243
824 823 2.582341395161609
825 811 5.506467380132534
825 833 3.1435773437104997
825 831 2.8045267979009383
826 653 1.2041618551003186
827 32 2.7468694691016826
828 32 1.953128929463779
829 692 0.6185565777873511
829 694 4.583177091311153
829 830 6.20899803419398
830 693 12.971561613323232
830 694 4.161398685915925
830 829 6.20899803419398
831 825 2.804526797900939
832 650 1.4433578754722665
833 825 3.1435773437104997
833 833 7.233602701103335
834 576 3.05288473007201
835 404 0.7004904575900857
836 404 3.017904156805981
837 23 2.933512246255499
837 24 2.5031468512810813
837 587 2.545661489406387
838 664 1.8143858670424748
838 20 0.3021961566612147
838 21 1.7269941770218038
839 682 1.909968917681511
840 228 2.8340097864030613
